17
33 20 70 4 10 50 75 39 29 52 21 92 57 71 48 65 78 
60 87 16 63 37 39 98 23 58 25 25 36 64 97 56 28 43 
11 13 8 97 34 54 50 42 67 59 79 93 48 62 97 18 58 
56 9 38 68 7 49 52 37 41 28 6 36 88 78 67 45 42 
69 1 71 75 64 7 8 41 55 51 88 80 35 50 22 45 51 
32 79 43 11 77 24 100 33 59 26 37 37 52 92 62 46 32 
5 40 45 34 75 35 23 86 27 94 19 95 18 96 37 65 99 
82 14 22 50 27 7 92 20 99 8 19 40 98 86 41 42 91 
23 9 38 92 17 24 15 89 57 93 52 81 9 28 10 3 1 
1 19 69 31 58 95 77 36 58 81 1 97 95 4 80 97 51 
67 57 65 42 50 56 66 79 66 63 77 28 46 63 1 67 39 
35 44 19 73 51 11 90 75 77 47 76 4 36 48 40 71 98 
21 29 52 28 8 63 41 27 72 59 60 57 80 5 49 16 50 
93 70 6 68 68 21 90 37 83 38 23 3 95 62 38 71 24 
63 8 26 76 60 48 23 56 28 90 20 25 66 37 82 42 52 
2 19 78 20 97 58 96 22 16 30 62 19 94 27 50 74 45 
37 90 41 63 21 11 42 73 49 45 70 6 99 48 37 38 57 