40
16 46 81 1 98 8 1 49 97 17 93 18 91 70 25 61 79 85 83 82 42 12 86 33 59 23 71 71 74 9 35 34 67 31 5 26 10 23 37 53 
18 86 94 18 47 92 99 42 100 17 88 99 96 5 43 16 75 47 78 96 53 69 20 86 27 67 26 18 53 86 70 34 63 95 56 67 7 76 5 16 
14 14 22 87 82 9 86 76 23 51 6 91 24 51 32 73 77 45 90 25 35 65 93 46 20 45 45 5 84 42 10 41 42 43 84 63 74 20 87 95 
83 24 57 74 21 55 4 90 45 33 23 99 68 51 21 31 61 7 32 32 93 98 75 88 24 69 58 73 54 27 72 3 55 90 79 31 42 100 27 85 
51 4 96 20 32 25 66 44 45 62 70 52 88 78 23 81 56 7 36 35 67 5 39 47 90 84 94 48 60 98 90 86 95 6 90 100 78 94 37 52 
86 98 90 97 91 9 38 88 81 7 87 91 36 91 8 22 29 11 40 75 15 23 8 73 36 62 63 55 27 55 1 81 82 74 100 3 27 69 36 97 
1 93 62 23 16 77 93 38 64 55 97 94 50 64 57 6 52 33 90 93 3 95 54 62 86 59 20 66 92 66 22 8 2 34 53 74 30 42 72 90 
39 3 55 87 47 44 41 61 1 22 16 94 98 91 20 47 1 96 47 86 18 30 67 73 57 2 32 87 8 63 84 86 22 51 56 69 20 33 97 30 
3 6 39 66 44 47 88 36 89 34 92 92 5 46 68 93 26 76 16 72 48 35 30 50 28 36 11 84 58 99 84 54 92 37 94 18 72 86 37 45 
60 96 7 46 92 28 15 14 52 13 100 4 51 15 37 22 99 2 81 12 49 31 59 23 59 6 33 24 20 25 44 38 12 47 61 77 20 8 99 33 
37 40 89 55 20 11 29 58 89 68 5 29 52 77 4 42 43 45 53 58 58 7 44 63 63 26 29 78 1 14 97 35 63 94 34 97 33 62 22 30 
11 23 99 79 65 72 1 100 41 60 25 22 30 93 37 80 49 11 99 7 47 93 55 42 71 19 31 38 96 92 65 91 96 2 23 38 18 81 58 31 
1 64 33 90 50 6 83 70 64 87 72 58 78 53 44 72 53 62 52 78 94 19 97 43 94 10 50 46 48 87 73 57 91 80 42 64 65 27 3 91 
82 16 27 86 77 59 96 79 84 15 86 89 7 84 54 71 43 63 31 11 27 67 12 77 66 33 59 14 94 55 48 89 69 98 84 15 38 99 71 9 
98 79 92 72 91 86 33 44 32 12 95 69 95 20 66 42 100 94 36 7 90 20 94 50 7 40 48 32 19 16 94 53 45 58 15 93 33 78 25 76 
5 53 81 29 31 71 56 18 87 5 69 75 13 71 82 20 1 59 30 59 49 15 49 51 94 31 73 85 63 75 18 33 26 23 73 89 16 68 29 20 
8 14 35 86 91 50 79 53 70 43 86 83 95 87 10 59 5 19 96 49 7 47 61 62 43 30 3 22 35 82 93 12 63 14 22 4 88 89 45 87 
96 55 52 20 27 85 55 80 86 50 96 47 34 86 61 58 59 25 12 29 42 10 21 38 71 1 92 25 3 11 41 77 37 99 77 90 83 16 83 4 
68 22 91 77 76 45 90 35 31 65 19 9 93 3 75 30 42 82 23 13 9 29 82 58 10 20 16 41 40 45 59 67 68 82 15 65 40 100 81 88 
67 82 20 29 18 42 54 28 66 2 2 28 46 47 48 52 19 70 10 89 74 28 5 19 23 76 44 41 4 82 60 57 31 15 59 87 43 90 75 60 
24 13 61 98 90 60 15 90 84 72 70 83 69 44 76 29 19 97 32 32 42 16 18 70 35 8 89 46 5 76 24 2 48 9 13 83 21 52 52 56 
81 63 88 1 77 30 49 45 68 72 13 62 71 13 4 67 82 82 10 37 40 47 12 78 89 25 45 8 22 100 90 50 69 15 72 56 49 81 70 99 
32 74 98 23 43 14 28 72 62 65 96 54 52 76 43 61 57 3 26 63 46 36 90 20 33 6 35 61 14 82 74 76 93 82 12 71 78 11 33 57 
13 24 69 92 53 27 22 5 6 24 98 38 49 19 35 94 73 95 4 58 96 40 93 66 20 49 86 30 67 59 84 10 32 68 64 43 86 55 8 16 
85 43 87 55 91 94 77 21 77 76 19 89 63 24 88 87 2 98 100 20 3 66 79 35 98 80 90 67 69 37 25 12 22 93 60 68 100 68 24 59 
85 18 97 96 11 90 78 97 44 34 78 29 86 65 40 17 81 81 69 21 20 8 94 99 5 77 30 63 8 70 49 21 24 64 65 21 47 17 47 74 
45 29 89 9 80 84 55 58 99 71 3 95 28 61 94 91 69 72 20 94 50 52 51 32 7 99 63 35 9 45 40 77 15 98 12 80 57 66 70 75 
25 85 4 10 16 47 65 90 8 97 34 44 31 57 90 66 2 14 7 10 75 68 28 45 60 30 39 91 89 88 27 69 55 35 63 22 14 39 80 47 
64 45 53 97 27 85 59 49 97 74 30 17 58 39 11 72 62 56 39 92 19 10 62 87 1 74 12 52 20 37 34 90 2 84 100 69 14 98 5 19 
96 18 3 58 6 37 85 29 66 77 95 64 60 19 73 92 95 62 99 50 67 60 87 35 38 85 47 40 7 41 8 66 58 59 47 36 6 92 7 4 
95 72 64 56 96 59 22 98 24 98 49 70 95 89 27 10 75 64 74 58 24 89 41 25 33 53 57 19 79 96 96 1 99 26 84 46 43 31 60 68 
93 91 65 58 8 59 3 27 39 43 10 35 19 4 7 52 15 59 41 40 54 66 97 40 44 31 37 16 93 95 72 77 62 21 59 36 85 99 90 82 
4 83 90 83 81 74 2 78 25 46 87 29 57 74 85 89 47 86 50 73 1 66 33 55 43 11 59 15 40 92 97 15 67 23 31 46 38 76 50 93 
2 89 60 19 52 15 28 32 84 63 96 96 32 85 51 41 68 21 34 42 55 47 87 86 44 5 27 1 86 78 72 60 72 5 3 6 77 9 90 1 
47 80 22 27 82 47 91 95 20 92 100 31 83 95 56 35 39 45 84 54 24 75 15 95 45 17 1 87 34 38 32 81 80 86 92 73 87 9 15 89 
41 64 83 61 48 61 60 87 71 36 54 46 57 47 20 30 87 22 88 20 33 64 73 34 82 16 11 42 19 47 14 11 85 24 21 76 10 25 52 12 
17 46 28 54 89 4 26 46 48 27 42 3 16 83 93 74 6 100 61 6 49 32 69 70 65 29 97 84 96 22 7 100 74 10 81 44 64 7 97 69 
64 10 83 58 31 44 5 95 24 50 41 37 23 88 98 48 44 46 40 29 39 17 69 85 19 45 100 26 94 15 93 12 97 56 13 47 64 54 12 43 
28 51 56 71 55 100 4 50 8 80 52 51 75 93 39 89 59 2 10 99 26 38 71 71 53 59 42 56 66 42 46 44 94 59 60 44 62 44 91 61 
27 47 56 91 76 27 80 42 45 46 57 66 14 44 78 19 66 87 93 79 28 32 68 8 21 73 80 93 96 15 56 79 22 66 9 19 18 18 84 66 