20
99 63 90 17 45 38 40 91 81 19 76 86 73 41 57 19 58 60 97 65 
28 5 93 61 6 53 61 12 34 74 56 44 84 42 35 22 77 85 16 50 
93 49 57 55 33 16 1 37 87 91 34 44 11 72 3 68 59 36 80 41 
29 86 80 11 43 54 75 86 28 67 40 74 93 60 59 51 98 88 3 27 
74 83 78 60 84 98 50 83 68 11 80 25 77 3 5 94 25 53 44 63 
38 59 79 16 53 61 38 89 80 88 34 64 8 65 36 16 57 95 31 4 
62 50 40 84 71 37 84 31 88 9 21 48 43 38 25 18 94 87 94 30 
19 13 22 56 23 53 21 32 32 39 1 27 19 9 44 84 2 39 57 64 
46 14 20 14 83 53 99 27 18 85 65 44 23 99 21 40 41 15 52 5 
47 45 6 71 32 99 90 39 25 63 87 24 57 46 1 79 58 17 5 72 
74 26 34 54 1 18 73 79 61 70 26 6 69 34 82 20 78 18 39 36 
34 99 95 40 67 72 62 41 4 21 42 87 67 35 87 17 55 14 42 29 
66 27 10 91 33 27 22 86 47 80 38 44 80 40 60 67 63 71 40 8 
90 52 67 31 43 20 53 75 58 95 89 79 90 83 81 89 41 14 78 6 
49 58 33 42 51 50 51 21 89 52 86 99 46 37 92 88 36 81 35 47 
47 76 26 76 16 80 55 75 56 23 57 15 70 39 80 54 35 61 95 15 
65 3 13 46 5 73 52 43 25 30 73 61 24 42 92 28 4 22 23 69 
78 20 24 9 52 1 76 17 16 40 77 88 62 68 56 89 32 24 43 34 
5 6 21 26 91 49 51 7 70 95 81 35 3 71 70 12 14 6 57 41 
46 97 36 76 70 10 45 85 89 94 82 4 58 30 33 29 46 85 89 46 