28
30 1 70 4 55 88 17 52 21 97 95 81 59 63 66 93 21 28 43 99 7 90 86 32 45 2 24 63 
69 88 78 50 21 5 38 9 44 100 47 67 39 50 84 39 64 14 41 41 81 76 25 12 85 26 75 22 
36 88 36 34 89 10 92 46 57 55 21 41 53 80 80 6 86 72 9 50 20 18 86 47 81 43 50 97 
96 57 95 85 2 15 21 48 31 35 77 100 84 73 15 29 88 73 78 19 28 2 76 59 79 53 96 87 
58 18 82 78 57 52 36 84 6 71 99 30 77 13 4 57 92 10 55 25 48 37 55 51 100 50 91 6 
18 77 21 42 59 83 93 2 50 64 68 24 96 12 98 67 3 46 28 68 84 86 14 40 61 14 44 97 
91 51 31 18 8 100 91 68 41 23 23 10 49 55 88 85 29 59 9 29 43 49 94 26 9 81 68 75 
16 26 65 19 28 77 8 48 17 9 31 60 74 23 79 30 26 11 72 82 72 66 34 48 31 86 2 99 
90 46 25 53 32 83 58 25 83 64 6 39 74 80 13 91 72 93 42 49 43 59 23 44 74 18 3 81 
90 5 100 58 63 95 100 58 85 3 82 28 45 80 77 60 70 65 97 69 95 19 96 43 62 46 59 70 
89 68 57 40 77 2 92 20 12 43 47 96 52 60 82 16 76 61 76 35 53 4 62 80 45 11 25 49 
2 70 86 69 55 99 35 60 39 89 1 72 30 3 16 29 63 5 27 48 51 71 96 43 39 81 77 83 
40 83 85 59 48 6 29 20 87 58 15 2 20 58 36 11 52 49 100 45 21 74 66 92 23 78 33 60 
1 32 95 76 40 77 67 20 75 82 100 80 10 63 75 86 24 21 29 4 31 30 91 89 79 19 38 94 
90 78 83 79 42 73 86 68 47 39 100 73 55 6 99 45 59 93 69 50 20 70 28 32 58 18 85 29 
59 4 70 67 95 35 17 24 27 40 10 70 47 76 16 49 56 34 77 18 86 95 47 29 35 9 69 42 
73 26 17 56 8 81 5 2 26 78 5 70 46 46 49 7 67 64 83 69 7 10 71 76 48 79 65 45 
57 67 39 96 60 56 88 22 35 46 76 65 16 1 21 54 21 89 65 70 80 75 5 45 63 86 41 70 
52 92 17 79 7 10 84 23 48 85 6 1 10 79 99 24 40 66 10 31 100 82 79 32 37 17 89 44 
9 2 63 93 46 42 65 34 28 95 62 97 8 50 79 22 100 76 14 60 54 63 20 22 25 22 27 32 
66 26 81 94 92 78 69 76 90 37 43 38 28 27 90 66 60 90 19 8 62 18 9 61 59 86 67 31 
2 52 37 91 75 6 59 12 84 83 43 92 93 54 17 45 76 57 35 81 33 72 41 5 86 27 63 50 
98 58 38 89 31 99 85 33 49 61 8 6 21 35 20 56 70 63 28 29 35 84 19 7 33 34 31 13 
23 48 73 96 63 66 58 85 70 73 34 53 51 91 80 7 36 36 93 21 18 37 47 90 29 62 84 44 
83 11 11 29 81 74 56 74 55 68 51 30 77 65 6 60 89 65 66 36 84 32 70 51 7 16 24 21 
47 22 55 35 76 67 38 37 69 11 45 65 16 51 49 61 35 14 67 65 84 81 59 41 21 25 83 45 
59 1 37 1 68 44 48 28 90 69 40 8 86 49 35 92 9 67 84 69 57 10 10 89 99 5 56 24 
28 61 79 16 2 62 71 4 68 59 95 16 76 83 48 79 60 59 33 52 99 68 92 7 82 92 10 59 