50
69 98 99 87 31 40 100 80 72 29 84 12 3 95 81 72 5 2 67 92 25 86 26 87 8 11 94 48 73 23 76 76 33 86 63 21 91 21 68 21 60 30 81 100 45 23 91 46 13 53 
7 69 4 40 78 81 68 92 65 56 3 42 84 16 61 8 45 47 76 5 59 3 26 37 7 82 10 37 35 39 16 38 78 65 1 18 47 76 42 66 41 26 1 78 78 11 22 22 26 76 
3 2 79 49 2 77 30 5 10 29 65 15 4 14 59 57 11 84 59 47 34 82 41 49 73 64 21 65 92 19 58 49 15 68 14 52 100 14 58 10 17 40 52 85 13 74 7 45 95 86 
96 75 61 14 90 46 25 81 95 90 93 91 29 26 52 41 5 79 73 40 99 29 68 56 90 29 17 72 42 84 71 20 60 16 50 8 52 92 57 59 2 36 59 58 62 94 82 10 48 7 
56 15 64 45 22 50 89 4 42 66 92 91 57 34 3 61 5 6 55 52 59 76 63 34 5 76 86 93 70 11 23 83 58 31 7 7 3 75 50 42 24 74 17 69 29 89 35 50 11 50 
99 18 53 26 54 14 51 33 65 93 3 64 29 32 2 48 74 82 100 66 88 78 73 86 85 15 90 27 82 92 95 46 23 69 23 23 34 53 70 13 31 83 37 38 56 49 88 86 58 95 
24 74 9 57 15 85 27 49 76 42 58 39 97 68 33 10 79 21 21 30 37 69 88 13 17 15 42 39 28 69 14 65 15 33 71 67 17 54 52 78 79 8 97 46 2 87 71 4 27 98 
13 69 49 19 76 87 18 29 48 50 47 86 72 97 45 94 51 63 96 47 32 7 56 83 84 14 5 7 18 35 67 9 99 100 36 76 38 69 44 94 53 29 80 87 30 59 79 53 13 13 
43 43 47 23 58 73 26 15 46 32 89 49 61 62 19 92 84 93 19 78 60 8 91 73 71 62 89 2 9 89 41 26 26 26 76 79 29 68 17 28 45 62 38 44 67 77 1 56 17 80 
3 58 25 18 48 13 13 25 53 75 21 68 39 82 62 8 5 78 45 3 35 41 99 65 87 80 100 26 88 78 5 87 42 78 59 51 30 58 9 62 62 13 65 1 62 36 9 69 20 85 
39 97 13 15 83 9 62 70 77 93 18 14 98 24 92 62 15 53 27 55 71 55 59 77 52 81 88 17 73 53 46 87 43 56 3 86 18 90 89 22 68 14 41 33 24 69 76 61 32 83 
88 61 28 86 94 50 18 18 79 28 70 5 7 61 11 95 77 93 98 76 36 31 79 41 30 75 17 65 91 80 86 17 8 4 47 2 81 9 100 37 83 46 59 67 3 43 1 14 26 57 
69 28 37 18 74 6 13 51 31 88 1 82 41 11 9 19 12 83 41 53 57 78 6 23 48 80 97 24 56 97 96 98 87 76 62 26 76 58 65 86 93 14 42 92 26 41 25 87 47 73 
30 3 46 66 67 82 85 21 62 56 89 72 85 15 47 13 89 24 73 27 56 71 8 46 18 18 32 27 85 23 61 83 39 75 49 39 77 55 67 92 2 13 66 55 78 12 61 68 92 71 
81 26 36 79 27 94 68 63 44 42 97 20 33 91 66 4 48 50 29 52 33 3 25 88 57 43 11 2 17 99 19 84 9 20 42 86 46 94 38 87 72 72 93 77 60 5 9 87 83 72 
7 14 67 20 47 76 86 10 75 37 83 32 56 34 28 51 34 39 5 84 74 7 26 86 56 99 45 31 5 7 88 88 43 68 34 17 79 51 76 53 16 12 36 22 22 23 38 13 23 98 
57 65 93 99 74 37 92 69 8 10 90 77 61 33 60 3 73 61 43 85 75 81 96 92 68 60 72 100 32 49 7 96 97 41 83 58 79 91 55 72 9 14 40 61 62 25 68 58 36 87 
25 3 95 16 64 20 77 68 35 47 100 83 36 37 2 76 99 9 1 97 90 72 57 16 34 50 5 63 89 7 87 61 18 57 41 36 92 77 77 65 7 100 61 54 47 68 22 75 34 64 
24 88 60 36 35 50 86 92 44 95 8 34 3 50 82 22 15 95 36 86 91 39 20 18 56 20 100 74 91 64 53 58 32 43 15 9 39 53 46 92 18 16 57 97 71 50 80 63 80 99 
71 44 24 74 77 18 63 20 3 19 17 77 86 19 2 93 89 38 46 94 3 14 100 8 55 25 88 93 50 3 89 35 27 87 87 22 84 44 13 6 51 2 86 76 69 100 70 84 8 84 
7 71 12 9 21 98 12 24 29 75 26 55 32 39 54 94 72 99 15 23 71 14 97 99 32 91 76 9 34 75 78 42 18 86 71 22 73 98 18 74 18 56 49 22 52 30 53 50 15 53 
83 47 60 64 78 59 98 49 13 45 56 78 96 85 92 70 6 88 80 1 86 95 51 33 31 33 94 42 11 78 33 1 71 29 68 88 80 74 73 9 26 97 59 49 77 61 12 19 19 64 
27 13 52 46 9 28 15 40 89 94 74 15 17 85 29 73 39 39 47 39 88 97 65 12 92 64 55 53 46 28 80 34 21 27 63 95 79 34 55 18 5 82 100 64 71 22 11 38 86 79 
9 59 55 40 79 63 34 47 52 57 2 63 93 69 38 15 97 83 93 44 33 68 34 54 7 10 12 21 11 77 76 89 80 13 99 58 55 77 89 70 77 43 69 15 4 33 11 34 76 94 
100 12 42 45 29 43 93 5 99 92 55 66 41 2 97 54 50 75 87 7 61 53 90 48 46 44 56 47 3 86 13 15 87 28 6 66 5 91 46 12 4 13 72 4 42 28 80 73 59 47 
33 97 47 68 39 59 78 42 100 91 38 61 72 11 22 46 53 34 7 95 8 99 12 90 65 47 34 61 5 7 11 26 58 78 34 100 23 62 88 2 53 32 1 25 5 53 54 52 50 78 
37 99 73 11 50 97 4 44 65 80 100 28 12 64 30 43 10 51 32 89 8 78 39 95 71 64 83 18 70 97 99 86 97 96 87 32 58 9 27 31 80 8 12 19 5 50 17 71 56 71 
4 13 18 27 13 100 92 45 32 25 42 68 70 65 15 24 84 53 53 94 79 39 18 55 43 1 18 62 26 71 79 26 100 42 75 69 73 18 33 16 26 99 83 47 72 19 13 45 85 39 
66 91 40 85 79 44 79 37 20 21 67 70 15 66 31 31 46 93 49 81 57 8 66 76 84 17 49 37 41 30 93 98 69 38 26 80 91 47 61 32 58 8 86 89 65 85 35 37 79 81 
42 10 24 71 100 27 17 58 16 3 79 98 38 73 14 2 88 93 79 20 16 29 24 1 100 40 20 33 26 63 31 23 56 21 22 32 31 68 94 86 23 57 65 91 30 52 66 51 84 11 
26 67 58 13 23 18 25 22 100 69 46 14 5 97 67 13 100 71 85 21 12 77 92 25 37 28 2 64 100 17 4 87 81 72 85 76 2 33 52 60 90 73 53 73 81 57 15 83 33 80 
4 79 38 79 12 98 90 41 74 77 37 33 77 57 15 39 86 85 57 92 7 5 65 37 60 61 52 82 83 46 30 4 49 49 25 69 43 86 17 17 18 34 72 97 71 52 100 52 33 44 
93 74 84 98 65 68 98 42 89 19 52 79 22 33 4 5 31 21 16 57 1 22 58 16 49 6 49 25 64 43 50 71 57 51 80 98 22 28 53 51 72 82 78 14 69 8 73 99 62 44 
97 72 58 39 5 83 88 21 21 87 36 60 85 83 13 99 31 98 1 21 95 32 30 50 49 74 95 53 75 56 38 47 56 11 64 65 92 61 58 4 25 7 99 4 69 79 65 26 9 73 
21 69 49 39 65 99 25 71 53 41 55 76 49 100 30 17 24 14 3 93 66 48 6 76 37 85 87 25 98 36 53 28 71 45 95 93 96 73 1 10 18 58 42 30 5 45 31 87 33 15 
42 89 36 14 12 79 27 33 79 33 75 1 40 55 25 33 61 29 48 80 42 87 34 42 13 31 58 84 71 77 88 12 33 70 33 93 58 88 72 58 1 52 37 93 87 69 61 5 98 21 
95 28 53 53 2 43 7 34 34 55 29 29 75 66 19 27 36 40 2 66 72 22 33 74 67 12 8 47 15 14 44 45 20 26 35 85 53 31 11 68 43 93 27 50 12 87 33 61 69 13 
62 69 56 100 38 30 29 94 23 52 81 22 89 94 87 8 67 83 75 57 32 100 4 97 19 30 43 33 23 15 64 67 35 43 43 15 33 93 99 7 90 73 53 83 10 60 1 47 24 2 
93 84 31 7 82 37 94 90 38 42 25 70 70 54 17 89 53 77 59 42 62 52 67 57 51 59 3 78 81 15 89 26 17 62 56 73 16 12 83 69 35 8 99 81 42 30 72 2 31 41 
1 98 17 23 51 41 89 100 51 93 23 13 47 92 26 22 7 53 62 50 16 100 94 33 16 13 17 79 71 31 47 43 74 20 4 22 42 53 77 1 24 20 68 43 50 64 21 76 36 12 
17 51 59 38 5 39 10 70 6 17 20 19 8 7 41 45 80 43 76 8 19 73 44 84 3 39 90 93 4 84 18 89 23 43 18 32 54 29 27 27 37 96 61 28 39 33 81 80 76 16 
57 82 81 46 52 16 24 32 94 24 34 26 46 97 70 22 99 49 88 55 36 37 46 96 71 51 34 41 35 43 68 68 92 45 57 27 80 89 76 21 92 92 100 94 32 55 90 81 79 54 
48 85 28 27 46 1 34 31 44 63 23 55 45 58 62 14 2 44 39 15 42 4 50 22 84 29 44 24 26 78 5 63 69 67 9 62 64 55 65 40 49 20 89 14 74 80 16 8 33 69 
35 13 90 44 73 62 32 57 66 3 2 74 59 19 15 69 9 49 73 39 90 40 26 38 60 60 31 25 3 29 28 94 86 11 97 1 65 51 84 15 69 2 50 26 27 22 14 71 42 37 
51 95 63 12 46 2 22 68 40 49 78 73 30 91 69 11 81 71 69 21 38 28 15 2 15 88 34 30 51 37 42 45 28 37 81 3 38 41 73 27 70 8 100 57 68 49 44 54 13 78 
67 26 61 98 14 61 56 18 36 89 9 79 97 71 76 3 72 43 96 1 70 29 64 90 60 61 76 2 91 23 34 18 5 75 6 47 63 75 37 2 65 71 33 25 81 48 77 39 72 56 
10 8 89 41 15 83 91 48 9 71 13 40 34 11 68 7 26 9 49 79 75 94 84 5 57 20 88 22 61 16 16 23 28 40 21 3 90 39 25 79 19 24 28 69 80 49 48 79 70 70 
10 22 25 13 62 78 51 54 32 77 99 73 45 48 60 23 84 65 69 11 34 65 55 78 78 15 16 89 33 10 78 97 68 20 91 42 72 99 75 73 47 36 44 84 3 94 12 32 44 48 
76 13 89 83 92 67 88 90 3 17 86 70 52 69 37 32 17 99 20 4 51 63 18 100 91 52 70 14 19 23 54 83 16 98 36 24 30 5 74 45 72 18 5 27 58 56 78 58 100 67 
18 16 97 66 84 73 80 13 94 83 42 35 90 71 68 79 17 13 6 23 31 41 71 49 24 2 55 69 42 39 39 26 80 52 93 37 75 34 64 35 95 70 4 90 12 59 92 38 17 90 