20
92 48 15 91 4 79 86 40 66 73 74 19 10 50 8 55 7 16 88 4 
28 72 60 35 73 94 29 94 19 94 73 63 45 20 85 94 16 56 18 85 
93 3 19 48 22 18 85 28 11 8 45 30 37 6 41 79 72 57 53 35 
52 36 96 93 93 6 44 78 72 86 62 84 82 5 1 11 63 72 4 36 
49 10 34 58 98 17 54 90 28 20 31 16 4 51 30 35 8 55 97 47 
93 71 66 21 71 20 65 10 3 99 62 21 91 40 54 71 88 35 72 56 
96 40 51 31 13 37 38 85 22 54 79 66 77 36 83 60 33 23 78 32 
24 9 58 66 72 84 71 77 97 77 98 79 98 45 56 2 41 12 29 19 
4 29 75 90 42 57 9 6 40 24 29 34 28 60 5 72 24 3 30 53 
35 79 17 37 89 99 51 48 59 45 46 90 20 2 68 75 18 66 79 10 
97 5 34 95 94 1 83 10 46 25 41 30 88 32 84 89 21 98 27 78 
91 96 10 29 68 39 60 70 87 43 70 4 2 51 64 91 54 32 19 4 
4 77 72 36 98 78 96 4 46 14 37 35 9 73 16 12 46 70 11 82 
43 91 97 61 61 82 16 59 52 72 74 82 61 65 42 32 84 79 89 61 
48 18 20 51 97 39 33 92 84 99 6 83 68 35 53 100 4 22 41 33 
84 63 55 57 82 23 100 33 82 84 42 84 43 19 9 91 95 80 1 68 
76 32 21 5 21 15 1 53 33 30 52 72 62 31 75 48 57 60 82 19 
43 65 40 45 15 97 60 45 19 62 71 84 52 75 55 77 78 27 14 61 
79 40 48 65 10 53 85 88 15 84 51 66 37 6 74 25 44 32 52 99 
37 78 31 29 3 10 97 19 99 19 4 79 5 82 22 62 4 65 14 56 