25
0111111100110111011101101
0010110011001011101001111
1000100000011110100110001
1110110111011101011011001
1111110101011111110110100
1101011101011011110110011
1111111111100111110101111
1000111110100001011010001
0011111111100111010111101
0110010111011110111111011
0111000100110011111111111
1111010111110111001101111
1101111110001111011111110
1100111111011110011011101
1111000111101111101100101
0111001110111101111010110
1111111111101011110101110
0111100011111011001100111
1100111101011111111011011
1110011110001101000011100
0111011000101110011011111
1101111100001011101111010
1101111011101100001111111
0101101111010110111111010
1101111110001000111001100
