1000
156 208
73 252
22 244
36 129
188 250
184 216
17 43
61 275
89 147
58 94
55 253
172 289
169 175
6 288
148 216
190 243
43 46
83 134
17 151
6 40
48 81
89 203
12 207
72 132
172 239
91 191
34 259
200 293
41 60
23 191
76 180
140 144
85 223
40 108
265 286
21 163
174 231
110 243
1 170
78 159
108 211
196 289
98 223
4 110
114 190
228 298
153 162
59 240
4 117
109 122
102 191
119 271
23 146
68 79
149 296
53 296
25 276
49 277
21 93
138 252
35 222
158 263
30 241
184 296
88 108
129 276
16 89
104 119
89 274
131 193
74 190
20 193
96 212
182 258
183 274
238 255
158 206
231 279
26 284
22 42
61 195
44 276
209 299
144 249
9 177
81 168
7 288
31 166
94 233
95 265
231 255
233 285
119 175
170 200
0 153
209 234
158 196
67 78
224 257
99 299
29 133
6 59
112 218
52 107
40 256
26 125
141 222
47 76
64 296
178 255
93 134
127 172
188 242
49 258
258 299
47 282
30 131
26 164
45 153
143 160
73 182
201 261
62 93
10 252
158 179
41 152
60 80
39 279
240 294
184 214
120 206
203 225
44 244
77 92
146 226
187 280
154 223
148 194
112 218
227 253
155 298
11 178
26 107
6 65
231 285
66 274
82 209
157 194
234 236
237 248
30 86
57 87
70 125
52 268
56 293
192 268
103 165
200 262
33 57
120 251
184 189
16 280
15 153
255 292
142 297
101 289
11 43
219 297
161 166
12 194
106 154
11 289
50 294
107 246
218 286
58 201
230 283
2 172
86 231
49 264
37 281
50 118
166 291
10 130
7 50
163 210
101 177
33 77
133 243
8 152
27 97
26 207
183 275
265 282
139 254
44 253
66 271
19 123
102 266
219 227
76 196
187 272
141 227
114 142
75 143
198 294
12 299
149 151
34 98
74 245
176 286
38 52
90 125
12 81
38 189
78 93
50 235
73 201
25 274
192 253
65 251
24 188
52 61
107 154
106 254
49 108
43 285
107 287
96 232
267 274
119 153
14 99
90 280
77 128
159 213
47 267
129 228
26 217
21 235
185 281
79 166
116 221
225 294
203 211
203 240
27 103
102 110
28 46
116 223
149 195
1 70
273 277
99 206
19 275
63 158
68 272
85 289
39 146
213 223
10 63
198 299
234 254
63 87
200 248
174 261
127 203
179 255
233 276
123 284
40 111
69 290
120 275
52 276
162 167
122 219
6 20
21 87
13 163
15 28
7 133
33 152
139 275
151 229
267 276
59 249
249 270
2 245
17 232
215 257
54 296
172 290
236 242
192 296
51 246
76 271
132 170
0 11
83 157
30 45
194 231
32 227
0 110
63 81
184 195
34 227
112 121
155 272
199 285
22 126
57 257
11 244
17 238
49 78
195 292
276 299
54 291
92 170
186 207
98 261
17 158
139 289
126 143
10 291
138 241
239 289
94 227
94 249
52 73
47 280
70 72
150 220
95 173
63 68
6 274
132 290
177 180
217 241
78 262
4 137
137 197
203 294
242 260
21 43
6 31
22 229
64 223
131 271
172 208
204 288
272 293
151 280
53 127
13 288
155 208
185 194
135 247
140 267
230 297
189 218
11 26
130 182
113 273
131 176
94 158
124 132
150 299
215 230
103 266
162 163
16 37
227 246
134 232
221 228
97 118
278 286
42 201
10 287
53 154
95 102
22 122
30 159
172 173
87 277
50 87
68 260
149 214
164 239
222 224
93 287
103 175
207 289
11 273
82 251
177 294
117 204
90 206
168 250
56 177
11 273
65 160
27 275
144 281
31 279
58 105
119 138
75 136
63 92
46 293
8 85
0 217
124 244
8 165
102 185
56 279
13 276
25 211
229 268
134 221
3 26
11 211
5 136
25 96
102 234
148 249
106 112
99 148
23 255
38 164
51 241
46 296
136 266
110 211
0 116
39 170
131 206
110 230
1 164
153 171
104 256
78 295
140 185
107 200
61 298
252 295
229 260
21 242
122 199
66 106
102 223
120 276
110 189
66 190
57 209
67 249
2 85
112 174
142 291
96 131
82 180
108 193
74 291
69 123
117 220
134 221
5 53
110 229
7 193
18 204
239 260
70 169
0 276
8 137
48 263
212 223
45 51
45 74
33 208
21 162
140 275
6 198
80 261
158 167
25 258
49 72
33 160
1 211
254 290
92 179
1 121
134 165
45 70
109 125
69 211
16 286
213 242
2 212
190 261
101 185
217 243
59 164
117 298
2 41
117 190
78 190
85 127
219 251
126 298
144 191
271 290
269 290
231 281
92 262
14 21
31 100
62 126
74 110
28 195
65 118
57 67
153 258
8 188
26 116
186 239
5 44
176 234
2 151
52 250
102 108
139 259
71 267
37 114
114 220
7 254
96 203
153 204
102 229
148 184
147 205
89 229
147 173
50 166
197 290
216 294
125 165
87 140
5 155
104 212
27 232
222 258
29 236
250 296
65 172
82 219
72 101
181 192
25 214
240 247
63 152
26 140
37 123
56 276
3 98
88 92
9 138
66 232
49 246
79 139
32 196
0 15
88 136
14 65
46 266
2 4
83 105
119 262
29 206
29 282
27 115
25 68
158 187
32 35
57 65
137 243
103 279
186 213
6 255
176 209
175 294
88 298
27 136
65 207
117 186
102 295
171 297
243 274
69 126
16 190
221 244
61 117
36 215
35 259
52 148
21 103
80 113
108 269
6 107
109 242
102 279
144 170
4 90
27 102
20 136
14 109
95 121
65 80
205 259
120 255
154 236
112 262
17 259
73 211
10 72
61 275
197 288
175 251
145 295
75 261
29 35
0 165
18 58
142 253
77 207
78 254
116 174
140 183
69 95
211 248
127 259
221 263
5 297
129 298
86 134
142 153
119 273
133 263
37 106
12 238
17 291
46 175
11 229
76 139
215 238
22 141
210 266
26 146
85 281
127 129
6 176
31 223
49 89
45 219
111 274
121 189
76 298
145 213
186 232
60 88
2 209
206 233
74 88
56 59
104 251
123 253
11 195
176 291
75 224
98 271
188 251
122 220
85 137
106 296
153 279
31 103
75 243
7 112
114 246
206 233
58 62
66 272
94 129
133 142
32 74
64 257
173 247
59 118
53 133
44 203
24 209
2 296
61 111
58 134
64 193
24 105
232 243
166 286
20 130
15 80
69 240
67 101
188 224
276 277
1 239
65 99
208 243
143 285
39 112
1 204
163 221
108 144
162 280
139 146
117 161
62 260
54 122
38 240
125 268
60 75
17 31
56 129
271 290
23 255
16 290
37 162
6 239
51 144
37 93
24 54
14 69
34 235
57 164
68 152
66 112
17 39
71 148
44 179
121 134
193 269
56 91
204 254
129 221
132 262
173 238
48 112
48 138
48 250
0 238
188 294
6 139
128 146
89 284
121 211
127 193
23 231
12 139
84 199
185 291
170 256
175 280
113 295
116 189
37 217
127 195
158 246
79 201
194 296
101 222
167 258
102 239
104 109
192 251
248 263
43 104
75 145
6 126
64 124
81 287
54 250
136 188
15 284
7 81
184 188
4 11
20 253
79 138
233 287
16 283
83 133
132 187
151 208
99 286
161 239
65 146
240 264
74 290
45 104
145 163
7 270
201 290
34 88
75 277
50 154
15 16
58 98
236 272
73 184
46 57
213 280
151 290
159 226
242 292
117 187
129 245
131 195
56 152
111 169
127 263
0 60
19 239
50 299
27 276
105 166
87 268
69 93
197 292
189 243
278 282
216 232
58 88
50 85
236 249
131 203
35 295
24 32
21 138
5 269
24 171
172 230
107 160
22 215
6 12
54 93
42 205
120 244
183 195
108 259
117 209
6 46
58 96
148 259
219 243
117 118
135 228
123 143
114 281
8 142
24 195
99 113
65 147
262 297
73 281
77 282
43 222
3 149
141 298
106 164
109 215
175 184
45 102
208 220
2 260
183 253
76 194
60 98
194 248
1 239
204 283
110 226
44 110
106 145
14 264
147 179
159 215
84 144
75 195
47 208
76 275
145 180
75 183
126 262
33 297
41 71
115 187
167 188
81 96
274 285
161 191
9 227
78 221
118 285
52 170
54 187
124 217
47 269
98 182
187 190
128 175
175 264
182 288
46 184
8 226
108 253
72 253
26 286
32 293
88 259
34 187
42 297
104 269
78 159
109 184
39 169
33 154
14 39
13 108
19 205
8 293
87 292
11 102
179 265
76 232
61 284
129 143
76 217
137 168
154 241
134 243
64 288
185 250
195 210
76 132
151 275
193 202
75 291
71 100
80 276
30 139
199 229
137 147
150 292
38 127
111 180
105 267
230 251
196 224
17 174
28 123
1 91
175 187
26 190
20 120
236 263
165 274
109 119
74 150
130 140
143 236
57 225
60 219
81 112
10 19
207 249
149 233
110 240
1 195
12 243
97 132
3 134
52 287
258 298
173 289
168 270
229 273
21 105
79 112
77 166
162 267
28 107
200 218
51 63
40 279
