10000
272 289
128 138
50 135
192 228
44 238
60 297
83 134
199 238
18 217
102 146
111 250
198 294
22 67
12 233
151 200
39 236
46 251
16 112
174 226
41 96
88 268
121 244
37 96
29 227
54 127
191 248
62 147
21 109
17 234
182 255
11 222
227 287
104 189
97 214
106 216
182 258
5 112
181 195
32 258
28 213
281 286
136 196
194 286
15 81
33 160
6 221
97 127
73 151
47 104
204 287
52 150
24 219
37 111
261 263
80 182
67 168
3 205
119 164
122 247
122 238
116 252
252 299
110 228
73 258
8 208
205 209
194 221
30 116
191 216
244 273
57 239
140 258
13 171
209 255
239 251
32 258
273 279
46 213
170 260
31 118
150 160
17 65
5 144
156 216
110 204
47 253
185 260
288 297
118 200
13 126
182 284
61 120
66 269
125 251
3 105
98 217
255 270
24 120
66 73
25 31
270 292
187 285
134 296
40 96
174 227
191 272
49 108
49 146
157 237
15 139
59 118
113 244
144 151
29 152
220 284
80 231
25 175
123 193
141 292
40 92
123 152
93 275
118 197
32 185
171 281
234 284
81 262
198 241
60 96
138 209
5 92
31 296
9 46
189 268
201 217
122 133
247 264
44 262
4 163
15 198
119 261
76 131
33 39
16 204
22 54
39 274
5 18
260 292
33 173
1 4
48 69
17 283
12 275
33 291
35 129
188 218
238 250
119 153
189 229
21 103
94 253
108 211
181 295
76 173
90 251
106 233
65 191
6 218
36 241
55 218
75 233
24 196
16 118
219 276
29 192
136 195
177 189
15 189
111 141
216 239
88 184
101 251
262 299
159 180
204 269
47 229
20 55
117 162
33 171
107 270
52 154
44 53
67 70
77 150
13 136
195 247
114 131
9 285
159 235
19 238
59 236
64 227
37 102
73 133
29 79
216 255
96 218
209 226
251 265
254 280
74 174
1 276
48 203
124 174
218 240
113 126
149 234
144 193
84 202
45 196
21 269
48 217
136 162
268 289
101 139
78 279
175 184
9 230
78 88
2 213
104 158
53 101
73 251
219 299
66 238
99 243
146 170
50 275
81 154
24 68
60 97
4 5
16 179
215 259
183 212
9 35
18 26
159 290
12 226
155 173
34 106
155 210
108 132
3 113
106 160
87 171
12 27
105 215
67 295
2 188
258 262
33 246
149 196
105 217
141 267
62 289
131 144
42 294
64 74
215 227
73 162
88 169
70 120
178 187
113 216
76 211
96 163
60 208
193 273
214 221
37 205
135 202
91 101
191 295
28 280
68 197
209 226
149 230
59 63
128 141
18 72
61 215
37 288
132 224
103 167
91 177
141 156
150 231
8 14
24 71
146 173
87 210
34 236
98 237
218 263
159 229
64 280
117 238
57 170
99 271
82 122
7 273
109 177
117 165
26 106
198 216
40 237
40 229
95 136
217 241
103 144
4 266
8 272
87 201
130 215
159 221
236 271
106 160
26 285
12 290
136 176
231 295
155 247
186 192
140 287
41 240
160 212
0 251
123 138
156 266
0 141
57 189
58 296
94 256
56 145
84 187
223 240
137 155
71 237
148 203
36 60
291 297
242 278
194 263
172 295
74 151
35 276
56 249
24 39
118 234
26 249
248 250
26 174
19 64
121 157
152 226
153 277
202 297
43 67
15 136
62 127
41 122
50 115
168 176
278 285
220 289
85 267
219 287
6 43
70 260
16 70
53 230
22 102
94 251
9 204
54 232
18 296
123 149
46 222
82 164
67 76
25 160
20 117
156 218
263 264
271 284
113 227
142 181
75 107
78 290
161 253
51 66
34 269
101 170
269 293
25 216
81 167
98 153
79 111
149 230
116 193
36 99
59 111
12 154
17 259
136 276
117 285
23 274
94 226
78 266
18 182
66 179
99 193
74 77
213 227
270 299
10 122
205 208
122 237
285 290
110 227
145 264
17 66
250 275
275 290
67 296
29 284
129 223
1 124
190 290
81 220
67 201
44 125
23 189
45 232
222 298
202 266
128 298
136 161
184 252
65 109
133 148
196 229
52 222
25 229
43 181
24 121
87 154
57 122
12 244
83 193
61 89
25 28
48 117
70 92
4 82
111 256
126 154
44 142
37 71
22 48
139 255
67 204
180 206
98 226
141 214
46 206
2 58
74 199
79 109
174 193
259 277
46 53
10 144
224 227
64 298
239 255
142 218
77 221
239 290
111 222
162 218
57 127
204 206
24 213
3 230
112 252
144 292
192 211
146 159
156 272
69 159
64 212
68 215
13 144
31 296
247 272
117 161
10 268
90 164
0 90
261 283
100 131
82 257
217 243
18 275
113 121
51 293
128 129
203 278
125 138
233 252
195 287
34 255
24 33
165 257
148 189
95 263
77 297
120 186
76 233
106 188
40 197
116 136
3 64
73 140
88 119
23 219
93 287
282 285
33 95
213 282
202 264
5 67
49 214
139 207
32 248
199 268
93 270
67 285
60 211
1 91
61 126
83 114
138 149
126 259
232 236
58 280
51 226
28 275
196 225
78 184
102 107
121 234
205 287
108 245
114 173
54 225
228 251
57 100
14 148
181 276
35 60
7 11
121 284
13 217
7 137
59 278
153 229
41 265
143 240
134 289
221 293
107 277
35 239
98 247
67 139
115 273
88 293
12 276
101 269
67 171
60 271
179 265
132 229
74 243
108 195
122 291
125 195
39 185
96 128
143 281
221 258
50 122
7 274
105 181
72 217
243 269
68 93
5 294
14 18
72 215
35 74
71 187
37 292
188 242
87 165
191 283
45 246
4 11
119 278
186 273
123 236
166 279
168 276
36 251
164 248
213 219
56 107
3 51
197 298
63 248
92 110
145 188
245 248
66 170
47 246
261 275
115 178
211 243
10 135
8 86
70 299
187 280
214 245
41 73
45 75
212 268
117 134
62 223
2 229
121 283
51 158
205 278
80 235
87 292
152 281
47 243
58 147
140 227
22 236
222 276
61 195
130 279
59 144
166 230
185 295
130 174
26 151
29 159
43 237
146 175
23 140
3 67
26 174
34 237
62 160
29 80
50 169
71 276
91 250
16 287
50 270
65 67
68 280
180 268
178 283
108 297
84 269
39 81
109 159
122 221
75 148
30 170
29 230
233 235
154 266
30 199
62 121
132 157
40 196
248 296
89 261
4 297
242 296
9 86
10 172
7 41
41 129
175 220
102 154
76 113
71 94
4 152
193 266
194 252
117 275
237 276
59 129
59 173
64 77
50 186
23 24
13 111
48 272
109 219
220 264
242 276
93 247
135 230
108 281
1 18
45 157
33 149
44 259
47 108
142 163
34 257
86 227
135 226
63 77
113 214
144 244
154 279
75 194
42 123
69 77
196 241
201 275
110 276
3 36
143 179
100 189
104 242
219 230
54 136
8 52
23 194
201 297
26 71
83 175
196 233
28 141
258 285
30 86
33 105
109 195
93 147
208 211
233 263
65 205
35 152
147 184
125 193
191 214
99 262
134 238
25 260
13 88
2 5
123 128
66 85
182 239
37 172
37 140
189 210
216 288
115 158
0 71
76 264
49 113
33 205
97 173
120 166
118 184
64 238
173 262
244 267
223 246
21 224
261 281
131 292
217 232
204 231
107 286
2 252
86 282
148 230
50 101
157 253
54 133
113 140
5 185
147 297
39 175
185 214
9 67
8 268
45 89
89 246
206 259
10 178
15 250
222 227
208 278
27 190
213 269
137 238
13 23
26 231
102 178
5 144
134 215
25 173
75 83
163 273
44 137
166 208
68 123
5 226
208 237
107 160
113 264
76 100
234 239
68 172
14 105
53 124
81 96
189 225
1 243
85 287
66 86
89 136
71 171
41 169
62 106
208 290
204 263
33 251
24 213
62 194
60 154
174 295
73 153
40 228
177 294
93 116
74 215
231 270
55 239
128 259
243 262
25 281
88 175
58 100
234 259
72 163
117 134
122 153
77 291
133 246
8 129
75 183
3 96
210 274
78 256
283 296
72 118
152 200
48 226
37 196
108 129
8 265
78 84
41 267
4 229
105 273
62 143
123 266
24 141
30 103
132 142
230 246
168 223
237 239
21 47
124 237
14 97
269 276
34 111
141 148
32 243
40 131
175 196
135 156
247 258
6 49
167 292
16 276
223 278
151 185
24 138
125 177
41 174
194 296
210 220
51 189
158 255
99 132
98 232
74 257
140 256
39 279
30 158
67 139
42 290
57 69
74 120
57 102
172 209
102 289
29 63
126 140
29 271
173 276
85 170
35 214
195 266
18 98
15 255
20 57
9 109
118 228
129 217
125 185
290 297
122 161
23 168
111 121
241 268
17 287
48 66
204 228
185 292
60 144
55 144
148 265
142 267
115 214
105 108
171 237
113 196
279 294
206 280
3 100
128 217
69 144
1 106
64 80
162 180
33 199
112 201
186 235
64 119
225 273
42 73
18 44
100 128
214 293
7 113
107 268
86 263
44 50
35 124
127 291
99 190
114 274
45 218
28 280
100 140
154 214
8 194
84 122
14 221
240 281
15 80
256 267
39 116
157 194
197 261
176 267
20 256
17 182
118 299
189 195
182 194
13 278
64 215
121 296
107 254
224 268
24 52
122 197
125 188
0 72
231 244
102 222
79 258
114 259
37 216
11 157
69 77
18 268
109 226
51 185
128 195
157 192
87 224
73 260
74 267
19 43
161 231
139 225
128 229
200 244
270 294
14 216
189 238
196 291
96 130
255 295
149 280
2 106
126 236
91 146
172 188
31 185
92 295
26 263
14 218
133 135
144 167
41 284
87 137
69 199
130 143
190 213
29 83
94 175
18 77
209 217
125 219
177 283
41 70
8 271
75 240
128 157
16 290
98 278
129 197
16 263
253 269
57 146
85 154
191 274
178 282
87 292
42 227
155 252
279 283
133 136
32 240
55 93
67 164
156 196
57 101
39 110
31 297
27 130
118 183
99 114
145 251
60 272
11 251
147 273
39 115
124 163
88 202
250 288
8 219
8 225
143 156
45 155
209 212
116 232
49 50
217 273
250 269
121 235
63 204
21 29
37 229
158 190
33 177
58 260
93 195
96 180
82 272
59 183
56 265
15 254
67 299
50 134
4 263
46 92
53 226
138 150
87 257
206 248
140 293
96 170
40 184
83 168
60 193
37 282
76 296
55 118
41 229
205 240
21 92
185 293
38 226
188 241
60 243
21 179
102 196
85 260
81 254
110 124
63 99
169 277
94 221
129 181
67 87
16 228
67 149
72 221
18 163
96 239
35 56
210 288
152 203
22 127
32 91
34 181
69 200
48 143
118 172
94 150
105 106
118 123
211 296
85 245
14 35
87 192
78 238
15 290
85 99
35 109
17 62
173 221
56 282
114 257
140 257
139 191
0 112
119 226
58 100
204 225
0 41
81 113
61 287
70 155
49 193
168 260
117 268
142 287
48 161
108 146
36 215
87 265
129 192
63 274
127 177
81 93
86 134
55 131
104 149
51 111
166 289
68 138
66 90
41 285
87 197
115 267
92 264
109 140
229 277
197 202
48 195
15 254
43 259
0 92
156 260
5 205
19 109
48 110
218 292
5 223
34 138
16 248
89 264
54 57
19 73
31 190
88 177
39 63
178 203
129 227
137 161
129 157
196 241
21 186
202 215
64 258
154 178
25 97
2 281
35 88
20 188
279 289
136 172
17 147
130 294
184 290
95 272
203 237
43 172
29 136
30 150
83 239
65 294
31 105
19 147
214 245
66 238
12 297
86 247
84 224
64 294
131 276
87 207
93 286
36 219
218 247
89 149
89 211
177 237
23 146
53 244
187 207
22 270
133 234
91 132
60 196
188 283
57 102
222 234
153 297
47 72
121 151
124 263
25 264
111 219
7 66
179 186
72 266
49 261
129 248
130 272
16 44
97 151
85 149
108 243
199 216
40 189
116 185
25 73
70 266
65 255
96 152
27 123
104 175
137 211
227 280
29 271
199 228
58 209
90 265
118 267
169 238
145 244
181 287
17 227
184 275
135 287
39 159
51 248
136 200
84 124
95 143
13 265
118 159
16 281
37 121
92 130
101 263
19 26
17 36
22 75
118 204
67 261
197 282
182 229
43 128
192 193
85 136
93 151
89 285
6 221
90 263
127 284
16 210
22 171
49 53
251 268
10 13
179 188
214 295
190 287
9 174
60 173
0 221
169 191
214 258
107 243
221 252
80 110
66 278
41 130
53 295
108 118
53 127
98 256
91 247
17 91
5 289
256 265
12 243
90 242
104 235
18 108
0 173
129 188
25 84
91 133
191 249
56 281
47 204
32 181
26 163
38 42
1 66
37 286
30 240
229 255
39 47
179 284
128 234
12 209
62 292
203 274
137 239
18 294
110 167
86 241
10 291
237 295
42 168
57 172
35 180
112 176
21 54
170 229
211 279
9 192
152 274
8 19
286 296
91 230
275 281
131 279
14 19
163 297
99 271
211 252
188 280
43 188
88 198
82 139
51 228
111 259
167 299
168 282
163 225
31 190
117 167
65 71
190 225
84 136
109 281
196 273
10 193
131 247
42 258
98 114
8 85
250 253
50 211
26 27
92 190
16 257
93 100
131 202
172 188
97 112
52 125
192 195
18 176
87 184
240 266
109 142
89 243
62 246
121 151
104 174
104 242
118 208
108 252
90 232
255 289
120 202
151 256
133 163
230 265
38 263
158 217
90 149
219 245
60 201
26 257
164 205
109 207
32 62
158 202
171 293
122 131
39 88
33 165
25 237
123 171
62 125
179 195
238 277
140 223
71 158
17 169
254 268
30 239
63 90
154 266
20 240
82 159
126 214
117 177
221 276
67 192
136 163
41 78
41 141
157 177
197 220
16 223
36 196
17 82
168 261
57 173
49 95
145 263
168 253
10 108
43 213
195 262
102 220
174 229
109 178
148 191
29 191
27 117
59 273
38 122
20 273
230 299
16 228
123 275
88 204
159 203
10 178
65 78
110 195
47 270
17 178
77 134
48 284
233 275
66 226
16 212
153 268
123 269
34 127
58 248
63 123
33 228
89 212
202 211
14 296
62 250
190 280
19 118
58 191
44 243
219 293
62 223
159 217
201 286
5 118
295 296
122 147
63 87
71 277
112 168
10 248
67 289
149 188
116 217
141 283
9 235
111 144
136 216
20 21
182 185
100 290
45 106
83 165
34 49
194 239
19 258
192 209
144 287
165 261
33 160
1 128
193 266
69 102
151 275
43 268
127 145
59 75
211 296
73 298
196 235
267 293
238 291
148 213
111 272
35 284
88 193
23 197
131 140
240 276
104 201
45 249
3 37
173 244
46 112
94 202
96 160
88 179
216 276
211 233
227 240
121 285
101 286
77 202
107 298
4 9
53 195
23 251
35 76
164 252
111 260
51 277
41 46
120 278
152 220
66 260
20 267
112 218
104 229
29 37
23 111
217 219
234 237
152 200
116 230
129 194
13 90
184 256
241 258
63 150
48 77
34 227
14 102
49 280
16 58
74 133
221 270
12 250
119 234
20 186
64 98
62 289
230 239
37 261
14 266
131 182
279 294
1 183
112 291
219 230
128 249
187 299
17 102
144 227
152 232
241 285
89 283
42 79
206 295
91 131
117 165
83 141
21 229
190 291
65 138
68 229
52 124
162 179
84 218
80 92
119 170
192 234
68 204
165 283
169 248
29 167
27 45
14 80
218 283
104 239
117 134
111 185
126 184
165 225
209 229
149 193
77 270
76 120
217 282
39 47
45 164
165 293
95 240
108 223
90 197
16 74
90 225
196 227
222 227
147 171
191 225
56 237
49 67
105 255
73 280
131 292
139 182
92 241
72 113
160 169
153 219
4 253
128 143
145 286
22 224
144 233
3 36
40 219
28 69
35 130
11 61
181 219
95 147
61 63
10 114
180 257
1 105
124 256
221 270
168 297
51 194
18 219
36 166
27 172
24 140
46 72
77 114
6 85
28 72
103 212
190 271
106 226
31 105
221 253
172 185
55 75
124 292
62 233
22 128
9 271
134 248
168 287
101 183
28 179
207 210
274 279
103 122
161 264
95 242
213 234
155 227
134 160
52 63
90 95
177 198
104 248
116 242
118 188
100 194
135 199
13 244
150 167
154 287
45 124
251 264
96 223
73 129
132 223
205 214
81 188
257 258
226 241
12 34
54 281
208 273
54 128
35 174
201 291
32 240
208 228
155 262
3 187
229 243
145 278
4 299
102 221
12 133
161 237
115 288
61 223
84 296
10 137
37 89
125 187
55 209
144 246
146 239
32 96
85 107
16 162
58 137
4 252
92 113
55 194
88 173
150 297
143 229
145 286
145 266
219 241
119 249
231 283
8 164
85 165
230 288
252 260
113 187
6 274
15 188
161 202
7 195
151 232
146 162
186 209
150 173
61 88
25 57
42 104
238 257
112 282
104 173
63 161
92 225
74 148
36 234
103 155
235 297
60 218
44 197
45 106
89 175
73 92
254 298
93 155
57 78
111 228
94 291
157 204
49 264
180 236
148 185
103 147
180 187
167 209
77 134
150 175
109 281
132 192
105 106
97 170
165 298
23 161
24 221
159 169
112 194
178 214
171 209
88 111
51 288
118 294
5 14
19 234
19 197
55 229
122 281
35 142
55 266
156 207
52 285
20 70
10 111
236 240
53 191
19 22
86 127
8 78
72 115
102 288
244 250
205 258
168 211
122 255
35 187
68 193
30 116
76 123
93 95
127 186
104 141
240 243
131 253
74 228
242 290
200 218
31 249
63 119
176 256
73 143
174 299
40 42
137 142
34 94
96 266
79 249
241 280
84 189
265 299
17 240
2 16
21 278
6 125
81 226
40 151
20 207
116 244
62 216
29 158
114 199
63 182
19 230
32 183
0 294
52 158
68 232
80 152
169 209
113 121
99 162
42 182
44 64
79 115
258 274
50 63
131 190
122 214
76 216
134 217
42 115
78 246
7 158
27 93
200 259
49 224
49 172
24 156
16 85
88 266
40 211
120 165
154 232
52 165
18 61
76 227
165 196
54 180
3 218
15 78
196 235
94 112
7 233
31 289
22 245
17 243
239 245
4 65
191 266
100 273
146 196
206 249
23 265
96 238
191 286
119 176
99 155
121 198
210 248
0 164
15 78
174 267
138 192
216 230
115 211
248 297
64 179
112 126
290 292
20 204
158 262
32 77
39 157
21 49
159 224
168 212
47 196
197 277
91 218
134 252
169 267
155 161
124 208
73 98
125 283
63 260
151 254
135 140
105 205
75 222
39 245
292 295
50 92
173 299
1 3
48 55
186 287
103 199
63 290
188 192
31 87
9 200
143 254
98 120
112 203
15 37
9 176
62 102
6 276
33 145
14 253
184 205
245 295
57 197
119 123
96 205
105 126
158 286
58 279
98 217
123 250
8 100
122 242
25 254
205 277
18 287
97 116
202 293
160 233
18 45
200 271
207 241
92 115
0 137
165 249
28 65
31 113
93 117
215 229
113 283
215 277
96 194
18 191
218 233
99 156
70 98
216 265
34 91
13 37
112 256
112 225
84 198
114 220
214 230
166 269
67 94
40 193
49 64
81 111
42 268
27 54
180 234
84 240
227 288
45 71
18 102
175 183
107 226
3 102
180 219
108 209
111 196
113 214
115 281
53 247
72 215
63 74
212 252
3 165
57 286
36 59
141 299
115 170
80 219
118 269
139 294
104 107
233 260
123 268
76 246
13 254
38 296
76 139
41 129
82 122
49 146
76 213
16 164
86 293
62 218
8 78
51 261
165 242
185 292
48 118
45 256
9 159
221 233
193 290
19 96
255 279
134 181
71 289
160 258
40 256
24 111
9 100
22 208
13 120
147 234
207 253
25 33
80 105
144 215
81 121
18 217
129 136
184 212
41 273
74 110
7 186
19 262
204 269
187 193
109 298
7 146
114 166
140 215
59 185
216 259
222 299
44 221
125 238
89 297
10 153
64 142
95 214
30 49
6 176
3 74
0 102
76 126
11 73
20 294
102 277
6 107
195 223
72 191
125 147
15 292
97 175
43 264
252 253
237 275
122 268
44 190
212 281
161 219
123 272
111 235
110 211
170 186
126 228
46 261
41 151
108 248
80 286
55 226
10 42
8 157
50 286
60 102
152 181
48 71
124 170
86 129
9 88
215 249
27 97
213 274
68 275
82 117
67 141
144 221
59 133
163 202
75 115
31 150
49 194
237 286
120 237
159 233
191 218
144 177
122 126
161 234
213 298
52 285
124 239
10 257
106 293
10 132
33 172
104 286
148 226
73 97
122 204
238 266
111 191
114 244
49 237
40 244
189 229
183 197
133 264
266 296
108 112
2 189
24 182
197 289
167 270
184 187
98 142
44 262
99 261
9 173
153 206
162 251
5 41
205 272
75 164
119 294
139 222
20 141
167 272
35 221
70 287
20 69
42 133
31 146
111 185
44 105
218 295
138 161
99 293
75 137
68 147
17 101
119 176
41 139
254 263
56 259
67 138
10 242
9 231
181 193
9 268
246 298
37 46
131 269
252 295
158 167
115 169
8 103
96 251
62 176
125 233
19 38
42 290
220 230
6 165
116 174
69 90
131 172
31 116
198 247
80 297
16 110
17 286
106 134
25 188
118 274
111 131
1 161
68 95
158 239
78 223
90 190
242 266
56 295
8 206
76 280
37 230
24 206
117 277
234 281
113 145
8 214
230 257
24 148
121 133
111 177
110 235
4 95
127 217
75 191
95 191
49 291
166 236
37 288
194 204
4 276
153 261
48 285
115 184
62 84
50 293
147 159
64 285
192 242
148 216
129 178
11 162
67 176
175 268
171 190
207 266
208 285
44 206
205 269
223 258
48 139
55 281
119 259
57 235
195 236
81 200
164 222
147 272
122 187
103 109
152 217
67 253
149 178
191 263
173 264
204 279
82 247
81 276
167 284
65 149
211 289
8 81
29 30
44 112
54 155
36 217
170 210
7 269
49 159
68 179
103 243
59 280
241 275
182 289
13 176
53 71
127 294
161 166
112 290
102 218
8 22
18 97
125 189
29 163
74 192
0 21
64 278
108 227
53 151
72 288
68 257
116 119
61 198
107 140
112 231
11 163
106 266
3 168
69 111
6 185
141 241
69 103
29 253
222 278
243 258
103 216
105 267
28 152
59 166
25 254
90 257
61 74
128 262
43 218
3 230
212 243
190 193
176 225
223 290
154 295
189 296
37 254
117 180
41 285
74 257
123 146
75 137
12 77
224 273
37 136
78 166
216 235
140 262
133 156
120 206
0 35
267 288
177 238
51 75
42 194
256 288
216 292
58 155
149 273
20 219
36 51
103 133
160 280
9 263
242 270
15 247
138 285
155 225
16 88
168 211
42 166
208 237
18 241
109 138
87 171
135 167
176 177
218 295
53 181
3 162
12 221
105 275
125 152
132 237
242 263
51 88
12 152
21 59
40 54
69 273
17 251
121 288
34 73
79 118
173 293
43 251
43 46
101 217
124 256
3 209
187 283
132 219
214 228
61 137
12 170
149 218
228 247
107 149
44 86
127 249
120 271
79 145
4 203
96 111
131 277
9 75
98 115
43 111
11 145
11 212
142 259
96 291
98 142
86 95
87 272
257 262
90 147
37 157
221 236
102 166
144 182
14 116
120 139
261 287
188 206
21 60
193 236
166 252
12 237
207 274
38 136
134 165
86 203
254 296
15 43
126 227
178 234
81 168
163 278
67 214
168 277
171 187
102 178
122 176
96 237
40 274
92 103
19 66
168 293
131 256
7 267
11 18
13 152
82 132
196 274
162 209
65 132
108 218
15 186
64 216
128 185
21 271
8 259
3 220
75 166
116 172
94 124
76 87
41 55
276 289
33 154
168 178
19 254
41 280
11 188
59 120
60 197
129 192
32 275
204 243
234 258
132 190
211 240
149 197
155 242
199 245
11 129
49 241
6 208
33 255
59 278
145 263
61 296
87 232
12 198
106 135
185 290
120 211
195 229
32 221
66 117
18 276
15 187
13 102
10 204
105 109
142 213
38 236
39 171
2 287
120 214
125 233
110 275
38 200
173 276
136 294
112 178
118 225
1 142
92 135
102 261
188 247
87 262
263 294
18 169
32 275
62 190
51 65
156 271
201 296
1 255
163 291
229 295
40 255
41 98
178 282
104 290
70 78
14 179
14 220
12 74
152 156
76 272
56 243
241 270
6 283
119 261
212 258
88 286
60 108
73 177
220 288
48 140
166 194
147 270
171 208
129 254
107 285
21 158
63 218
32 225
2 6
100 290
70 97
12 235
85 233
13 295
54 228
50 227
0 208
198 266
158 187
24 164
63 278
53 175
84 239
280 283
235 285
10 66
15 93
91 210
202 229
143 174
68 88
46 184
237 247
21 109
142 227
247 282
247 254
24 271
127 251
89 142
176 299
189 264
99 152
90 288
152 278
196 252
73 275
105 251
102 256
141 144
50 214
111 137
13 49
139 230
153 265
89 239
42 246
70 87
92 282
162 182
103 290
46 49
173 245
160 170
112 247
79 203
107 261
9 20
62 71
287 294
231 262
198 207
30 104
70 259
40 173
158 244
28 257
125 170
2 250
142 271
223 277
38 41
220 260
91 190
172 298
177 248
132 278
50 268
171 283
90 292
152 176
42 251
68 281
193 202
110 259
69 136
61 140
159 290
51 191
23 299
31 75
102 113
6 251
44 159
52 149
153 217
77 187
219 231
48 199
70 243
54 62
179 294
128 224
116 125
0 255
17 174
179 295
92 218
59 205
27 168
22 124
128 284
0 205
2 205
49 282
266 271
6 287
203 238
68 213
218 277
83 202
1 50
42 283
101 155
36 251
43 249
61 149
105 138
117 240
140 235
62 263
219 292
19 47
94 124
26 40
176 222
94 155
159 216
53 250
89 129
164 281
41 73
114 159
14 108
16 271
2 193
50 178
125 194
78 151
96 234
72 79
203 278
51 63
70 78
77 144
123 261
75 294
46 146
13 204
173 250
121 193
69 271
74 293
56 208
49 290
47 195
152 279
24 273
48 211
28 150
46 57
144 247
94 183
196 264
27 193
121 180
68 157
177 196
97 128
2 237
56 209
55 232
45 226
123 179
200 260
42 267
199 273
163 235
24 247
177 245
203 285
63 153
217 294
115 238
10 74
75 108
234 246
131 168
83 235
47 210
242 246
74 187
220 265
31 211
15 63
133 179
126 268
210 245
99 248
222 234
72 299
5 182
56 185
10 81
4 128
154 292
256 272
119 251
88 249
228 259
245 293
74 220
164 282
13 93
22 193
147 190
119 206
136 211
3 73
216 282
119 225
100 104
113 263
19 174
76 178
192 235
52 283
149 291
147 257
86 248
122 262
130 159
48 134
34 239
65 273
213 294
230 256
244 269
50 163
16 269
66 274
69 299
263 291
145 249
25 164
71 249
116 201
286 288
129 263
111 252
60 273
107 247
65 89
150 153
65 159
229 269
105 236
110 273
131 193
75 258
201 250
101 285
21 208
110 274
42 120
105 279
74 127
77 224
105 274
142 169
15 29
79 297
111 289
32 231
70 152
101 173
243 280
37 212
47 100
91 98
24 267
57 67
78 114
148 273
263 285
102 154
95 166
35 114
138 238
145 211
231 276
17 210
23 207
68 73
172 216
7 144
156 170
173 196
87 278
124 170
39 172
125 158
91 234
137 295
21 131
44 119
11 121
108 211
34 140
32 108
11 196
0 190
268 295
44 101
92 251
3 63
170 171
36 100
134 172
197 268
18 123
38 290
20 172
113 288
169 231
193 210
120 127
167 290
74 273
141 204
142 262
5 179
40 215
4 266
31 96
24 73
155 280
144 237
140 265
44 74
152 188
54 255
78 252
21 56
24 85
153 241
148 161
221 234
125 152
182 198
180 294
9 201
138 290
205 251
48 188
123 225
140 172
94 209
110 218
32 46
76 188
68 217
125 255
35 211
56 62
22 186
97 169
28 75
91 249
28 199
52 103
185 257
107 129
111 216
31 204
165 239
173 191
132 206
193 276
193 255
144 287
213 227
158 197
140 235
4 18
31 67
8 46
78 170
94 137
21 105
222 230
90 179
6 283
25 104
203 224
18 284
31 263
53 263
263 273
134 156
50 267
129 217
129 298
39 261
161 269
111 127
100 201
158 172
122 252
31 216
52 237
46 299
253 299
259 266
74 231
113 256
48 57
31 264
247 288
128 202
46 79
90 210
152 175
32 47
18 266
3 145
97 182
97 162
266 277
136 255
20 296
92 297
207 243
101 120
36 74
56 136
136 175
138 231
124 268
137 229
206 269
203 247
43 72
146 210
155 230
1 259
71 298
48 176
68 90
77 131
91 105
29 188
69 165
17 220
83 156
148 257
1 238
48 57
196 258
39 255
58 231
51 277
28 212
41 87
8 132
149 181
44 136
224 249
43 238
112 284
66 227
203 228
26 116
23 258
18 243
116 191
27 84
188 282
80 295
218 295
60 214
1 157
111 139
115 173
59 257
65 146
42 239
36 121
21 278
82 250
47 268
76 227
17 131
91 262
64 137
10 164
194 267
37 283
99 107
65 228
216 238
48 168
88 254
144 195
166 236
103 113
166 244
143 204
27 108
88 297
66 164
42 112
104 296
111 117
160 236
104 252
18 155
64 234
85 193
16 102
114 187
58 189
164 256
40 281
188 265
21 286
21 120
123 193
11 118
41 87
10 292
202 243
246 266
5 271
61 204
19 232
250 283
143 284
146 199
121 187
31 147
21 144
10 269
42 189
42 261
3 18
84 86
77 233
62 283
8 154
85 260
90 252
163 177
120 218
82 232
49 59
34 157
126 195
176 236
2 36
172 281
36 183
67 156
205 229
51 150
128 211
37 191
151 153
48 59
199 291
51 53
215 287
253 276
113 187
106 135
17 223
43 68
38 275
74 171
175 298
233 278
110 270
87 131
38 50
73 247
56 114
152 197
16 166
115 180
132 177
234 296
117 203
86 186
171 212
107 285
63 233
50 123
37 176
50 194
230 251
78 165
100 234
106 284
51 99
34 43
76 297
150 278
171 176
41 240
95 256
35 264
63 203
10 296
84 218
58 64
8 240
8 34
132 192
150 261
61 296
168 185
46 258
155 216
11 97
26 96
80 106
125 141
6 125
9 148
28 106
70 244
61 67
9 82
71 125
94 215
165 218
197 297
174 220
163 183
143 196
188 289
239 296
84 258
170 208
170 248
96 209
155 227
117 136
112 229
116 130
166 173
72 223
169 239
46 80
213 259
70 286
27 217
134 192
35 154
81 288
167 297
57 105
99 198
164 285
82 199
32 176
109 129
25 107
38 129
52 59
20 138
136 184
247 259
19 238
143 256
126 136
12 277
214 262
28 141
37 127
147 161
2 209
187 273
130 286
39 250
64 291
16 264
135 190
176 182
57 65
265 280
26 239
53 271
14 125
174 234
239 256
65 232
70 116
111 238
13 261
23 195
39 184
115 151
151 173
10 28
3 89
33 124
142 260
136 214
134 269
47 183
189 190
5 135
276 288
103 162
54 197
70 289
233 273
100 110
56 72
27 242
132 218
184 257
34 146
48 72
76 145
69 89
51 53
109 225
2 134
9 125
53 266
37 296
77 142
174 289
137 144
153 181
146 150
31 106
179 221
225 255
2 36
5 55
92 270
24 102
181 209
1 61
14 98
53 251
125 181
234 251
226 249
76 245
50 222
112 266
193 233
4 251
48 163
74 135
28 165
160 250
126 127
276 285
74 144
200 267
213 216
37 88
208 254
187 237
167 238
77 230
187 266
107 291
87 209
128 299
62 149
144 179
88 170
195 290
1 286
66 102
122 294
88 184
17 221
75 214
113 249
10 154
54 249
229 286
7 143
161 166
52 262
14 88
60 256
183 278
14 37
102 119
272 299
37 145
58 214
122 173
81 94
13 57
27 58
53 125
36 155
76 101
21 230
191 250
164 259
34 143
159 264
86 95
163 185
93 104
161 290
267 295
86 138
237 239
103 192
121 216
156 158
43 218
91 209
33 157
233 249
142 192
125 128
150 264
184 269
58 150
196 214
94 239
142 290
28 30
203 241
30 259
1 102
34 200
16 290
159 185
44 187
3 260
108 254
126 186
144 222
5 230
59 184
40 105
56 116
48 130
27 170
95 143
149 159
73 298
26 138
106 259
223 240
42 73
39 119
41 294
158 207
10 285
68 214
35 287
39 202
50 78
50 89
12 71
192 213
96 234
49 278
10 130
99 198
117 118
77 217
134 190
9 130
94 112
171 181
152 296
142 246
94 196
142 265
172 277
89 233
32 57
3 189
77 197
107 205
129 137
38 81
229 251
86 267
172 210
78 222
16 161
13 74
213 229
166 209
171 299
123 242
30 256
30 256
116 135
76 249
53 273
114 193
91 146
71 190
5 199
62 217
1 24
243 261
205 258
205 241
86 200
236 247
44 105
30 216
186 208
136 155
13 224
27 156
178 250
91 188
176 213
54 202
45 208
51 57
31 171
44 91
123 201
73 276
130 201
1 55
182 230
24 63
88 154
38 59
3 209
14 268
57 158
93 210
168 246
51 118
15 155
19 80
60 243
29 252
26 135
145 224
168 276
94 141
0 146
274 295
138 223
180 223
145 246
195 258
280 288
38 230
189 274
222 228
175 189
85 87
79 94
140 202
117 215
207 231
37 52
123 134
114 234
122 175
146 207
12 237
139 286
91 176
15 106
12 256
59 72
63 156
80 177
67 162
34 132
70 84
119 299
200 249
192 286
35 105
5 285
7 257
77 179
127 229
96 255
157 296
61 199
81 280
72 111
106 267
8 200
12 170
164 223
150 206
1 214
7 224
197 198
132 136
79 198
13 73
15 236
24 253
258 262
199 201
36 210
69 249
176 255
228 279
16 169
126 281
203 298
101 102
75 233
45 215
32 295
65 218
118 289
118 120
34 263
161 214
188 295
272 280
22 230
39 209
222 299
185 243
4 245
98 186
179 288
91 125
14 221
112 139
77 85
147 184
145 173
184 295
145 160
3 154
28 290
138 176
222 228
42 200
251 279
59 167
65 216
2 214
154 253
144 250
109 147
24 245
56 245
21 260
57 68
74 182
278 290
71 93
84 166
21 250
130 265
171 258
101 200
112 288
97 218
75 188
29 127
48 174
50 104
215 235
64 210
32 258
31 275
40 274
179 282
102 277
25 197
252 257
280 283
48 71
172 188
218 242
33 57
276 291
18 55
189 196
194 200
121 126
139 254
30 109
60 201
112 235
158 277
15 205
96 285
180 189
193 253
39 288
51 117
147 264
26 102
35 167
56 123
55 221
0 10
168 180
185 216
6 71
65 267
51 159
48 271
173 214
226 274
217 291
135 197
230 252
44 66
13 29
72 274
26 153
7 150
42 79
23 173
22 158
218 222
183 295
0 253
32 223
162 220
242 272
8 272
138 237
154 217
156 179
35 127
252 297
173 289
31 111
126 242
170 178
53 124
55 68
212 292
32 139
272 280
7 64
181 269
125 209
63 201
9 12
43 114
27 238
163 227
171 288
176 283
152 195
86 166
7 267
60 164
25 78
44 194
9 104
139 209
96 186
211 255
5 15
199 235
86 280
121 287
21 230
44 219
13 90
62 262
211 232
126 138
140 186
100 252
114 152
89 277
135 200
235 263
178 226
36 215
144 260
126 162
284 286
17 155
52 153
112 215
33 127
240 267
81 248
1 88
63 117
264 293
52 148
78 93
250 256
22 119
42 222
170 205
98 259
35 255
15 177
32 37
104 231
8 273
5 262
16 243
158 225
146 168
157 291
132 144
130 278
145 299
163 204
51 154
206 222
2 235
79 252
214 219
44 165
55 236
108 260
14 140
45 118
9 293
113 273
18 59
47 229
93 269
7 257
67 254
14 167
231 250
196 261
135 243
6 182
53 160
175 194
66 83
67 120
91 164
20 285
91 208
3 6
69 131
256 280
0 243
116 135
168 227
228 283
134 262
113 160
203 258
30 203
60 97
14 143
5 136
45 157
37 95
29 292
17 172
124 255
139 186
124 172
75 189
28 60
176 180
54 268
134 167
107 289
227 274
20 128
210 251
6 143
111 166
35 236
62 147
135 136
11 29
135 229
27 184
50 51
120 134
104 146
5 10
167 282
86 151
20 298
134 227
7 24
19 190
202 255
93 180
114 143
70 291
67 257
18 125
44 283
27 47
125 181
181 269
261 297
6 78
56 68
231 287
111 234
179 235
128 298
88 109
12 281
214 293
161 297
212 223
98 260
197 265
16 75
149 237
171 232
52 276
1 101
49 252
63 84
67 139
12 294
45 112
16 267
93 273
74 164
79 295
80 282
37 199
27 110
13 57
12 279
5 54
138 241
35 262
156 199
40 146
142 245
177 248
67 80
31 38
73 84
116 246
193 222
179 202
85 129
62 115
107 222
90 244
36 54
37 173
30 242
24 152
70 79
153 261
113 153
51 215
123 147
8 71
178 260
116 137
28 94
70 176
125 215
150 210
84 104
8 297
88 126
24 264
108 149
17 73
234 248
183 209
173 178
206 269
169 240
133 274
223 259
143 266
23 152
126 196
84 87
29 121
201 291
75 244
161 178
12 109
88 131
138 276
43 279
77 145
21 114
29 190
55 110
73 227
26 201
4 161
105 199
200 294
208 234
91 217
18 288
155 246
125 233
67 71
98 154
71 171
219 235
72 136
11 133
93 282
57 139
191 256
65 169
119 279
16 79
141 292
12 64
12 216
183 290
90 241
80 127
211 256
117 140
204 242
198 217
14 100
198 279
12 70
172 257
153 202
278 295
246 267
76 160
223 293
14 140
162 230
62 278
78 98
63 70
241 284
118 235
59 97
104 158
171 270
145 188
173 285
111 136
33 39
53 152
30 67
30 102
195 220
203 282
35 278
142 200
20 172
157 218
76 124
12 69
0 85
126 187
151 206
212 259
44 171
50 198
122 168
12 167
252 265
85 180
1 170
76 110
99 232
60 85
54 215
194 195
37 204
181 216
105 241
129 267
40 229
44 62
43 71
189 258
37 108
42 163
47 122
134 281
24 213
86 161
51 177
52 109
169 299
153 165
39 80
164 182
167 251
63 272
19 79
241 293
116 178
230 276
85 147
182 195
121 136
12 53
36 61
142 195
128 143
45 196
151 288
78 170
164 242
92 207
104 232
49 270
70 78
5 200
115 241
75 76
241 270
131 262
45 222
23 76
123 137
102 247
102 150
50 271
132 267
123 165
170 278
128 291
28 276
270 274
102 121
124 287
64 247
209 296
89 246
42 155
112 176
105 195
48 211
115 297
20 287
2 186
90 121
152 239
29 129
27 79
67 77
33 255
63 255
193 220
203 268
109 288
13 230
36 191
218 269
46 232
6 85
88 226
197 238
2 231
70 154
261 288
109 289
51 292
226 285
126 182
40 92
167 195
190 221
146 272
70 157
31 37
131 170
150 181
136 249
19 42
157 191
12 213
42 127
37 153
151 221
11 246
142 182
7 85
15 115
215 236
246 278
229 290
34 99
121 227
41 46
16 109
175 190
45 242
53 248
145 191
99 201
143 248
200 280
224 266
229 245
3 245
108 167
23 29
256 279
155 169
44 291
99 199
123 289
51 78
0 6
43 248
99 133
44 275
70 146
221 299
11 223
126 260
90 131
210 239
101 184
110 246
241 245
52 112
174 241
92 296
69 248
118 174
51 146
56 85
107 280
173 241
76 249
79 168
101 182
12 68
115 281
103 157
188 247
103 297
80 182
143 236
70 231
1 88
167 293
40 214
129 283
36 145
102 180
173 264
75 117
79 157
79 243
32 183
190 299
108 131
15 223
58 275
27 194
5 264
170 273
42 190
163 246
149 154
272 276
87 143
43 124
21 297
81 162
226 259
97 174
38 156
251 294
50 230
95 155
77 90
208 230
44 299
3 227
207 284
54 213
73 118
241 290
201 266
32 184
8 262
30 55
127 131
65 287
86 209
64 114
55 296
98 194
23 299
67 103
3 30
101 227
93 95
39 254
18 33
39 296
45 110
46 95
233 276
22 236
144 213
56 121
11 17
154 173
10 143
92 119
163 298
65 270
193 243
89 110
176 298
185 262
123 186
18 203
3 113
39 249
76 188
152 224
69 150
272 298
112 293
152 284
29 134
241 282
27 117
3 11
164 206
157 299
53 101
266 279
72 187
256 265
114 268
84 297
262 280
9 171
203 204
226 241
98 171
153 266
235 248
149 256
45 249
163 230
12 291
115 246
73 175
111 124
125 126
8 70
9 209
36 246
14 48
137 194
181 210
87 224
1 46
51 184
56 232
69 103
115 298
80 195
72 287
19 52
176 282
89 269
57 151
120 226
34 134
14 218
217 254
46 263
42 204
231 260
25 101
254 272
32 108
115 295
17 239
237 241
121 131
31 252
34 179
9 197
187 274
206 299
28 155
53 67
159 298
211 222
184 219
75 76
213 260
78 128
103 116
9 43
133 145
106 189
52 198
178 260
71 131
99 168
98 157
123 195
88 274
0 257
238 258
107 270
57 71
224 235
156 198
218 255
150 217
2 76
15 158
138 240
194 250
34 47
97 148
96 238
24 69
114 285
0 279
253 258
243 276
90 231
13 107
17 77
248 257
228 281
17 110
166 191
161 241
101 272
200 225
91 291
153 164
222 237
106 134
8 247
49 200
97 165
2 254
41 120
99 280
147 238
40 175
153 175
158 246
127 189
150 247
60 272
135 220
8 153
53 191
48 268
53 108
80 92
72 225
127 142
4 110
199 225
28 183
28 84
21 111
27 172
18 192
198 222
129 259
42 273
159 285
1 257
121 161
27 59
107 157
195 280
171 185
131 294
99 284
37 93
64 248
112 173
143 292
287 296
9 140
13 255
188 256
245 277
171 224
19 28
99 298
218 247
101 228
204 220
178 290
202 245
63 200
14 151
29 261
199 214
104 175
126 155
55 91
74 262
39 172
179 261
185 290
44 214
18 76
183 236
48 241
185 298
66 96
26 43
65 265
52 125
24 104
193 226
52 194
208 295
184 244
132 254
50 257
10 150
49 101
107 251
114 230
61 253
53 163
17 176
69 130
96 148
149 251
12 197
77 289
272 295
108 114
33 271
96 206
102 212
89 133
13 48
222 230
33 281
182 248
143 277
1 37
158 248
5 204
204 280
2 246
29 69
115 236
83 267
60 129
233 295
13 121
0 76
233 292
108 139
128 270
198 279
236 296
111 141
152 214
21 182
133 225
152 209
44 223
81 205
33 261
182 257
129 132
35 227
182 214
213 225
65 216
81 108
17 125
15 106
29 246
48 54
28 98
60 299
133 268
148 196
185 267
96 162
79 119
176 202
118 205
81 187
103 113
16 214
178 230
54 209
141 159
193 295
57 73
9 44
85 205
55 227
199 291
38 180
16 123
28 292
47 225
72 103
44 268
74 239
114 157
11 113
87 259
153 272
204 280
194 242
4 125
21 98
21 213
33 40
31 89
35 268
71 215
234 279
95 199
147 256
115 188
36 158
143 231
216 280
83 143
57 77
86 297
220 258
98 266
37 150
65 153
162 280
46 257
106 251
180 237
85 192
197 280
0 253
230 279
94 184
104 223
110 227
130 212
6 103
134 251
181 293
116 286
237 248
80 96
93 152
119 273
152 298
216 277
184 249
14 149
3 246
88 182
165 226
20 95
87 244
84 179
173 246
60 216
285 294
144 250
185 193
199 259
197 234
214 249
151 299
77 265
107 160
109 110
86 290
78 173
78 202
62 129
282 293
19 59
70 208
74 232
81 181
88 230
230 268
24 208
71 109
62 174
172 256
104 143
213 293
98 276
0 130
58 129
33 59
4 282
75 177
167 255
126 284
255 297
158 259
2 6
153 206
165 260
152 177
122 170
52 263
248 279
110 268
157 272
146 290
114 184
142 284
55 177
106 159
142 235
16 146
126 168
188 265
117 205
210 285
33 222
18 149
25 54
105 138
144 299
8 11
115 250
33 88
69 114
28 244
104 219
132 241
2 37
6 127
167 223
222 229
153 278
66 81
11 139
157 176
45 236
185 244
47 113
35 108
82 220
56 254
43 51
119 169
95 234
94 245
65 298
132 279
24 96
15 115
232 265
224 235
121 161
213 273
106 261
92 99
4 294
80 224
102 288
220 240
43 222
107 255
140 232
91 131
59 60
73 193
143 237
227 287
260 298
79 146
130 155
12 103
77 120
162 210
135 289
72 218
97 298
101 184
133 198
3 67
109 254
60 267
168 217
19 283
232 245
80 193
233 271
100 264
131 152
1 214
30 56
130 213
289 299
121 226
122 235
107 283
50 124
134 150
174 291
241 269
34 180
88 172
254 291
35 184
21 73
150 259
151 200
2 228
104 242
106 215
97 236
88 148
168 179
60 105
40 231
183 295
26 76
69 213
115 237
44 157
206 218
98 143
103 250
201 243
191 204
118 182
170 211
5 299
181 288
46 108
24 296
218 243
80 250
36 100
131 168
80 120
87 292
149 190
117 191
226 277
36 178
185 197
237 285
234 274
156 190
57 266
97 245
4 159
106 233
165 211
190 233
8 24
23 168
21 178
96 222
178 190
176 227
154 284
109 124
113 161
150 243
20 49
19 146
155 220
244 270
138 232
62 273
17 244
213 218
159 225
98 206
59 141
208 263
131 282
106 221
71 274
21 104
160 273
62 213
205 240
107 285
0 180
25 127
12 172
140 195
134 299
153 250
163 168
17 202
12 242
64 173
74 256
4 128
208 280
145 163
67 134
43 266
144 248
83 160
119 293
111 259
34 212
59 85
73 242
161 237
105 117
249 285
78 250
129 237
108 185
193 232
98 245
81 94
189 231
111 254
31 140
107 270
201 248
228 260
15 61
29 292
144 232
157 255
25 238
136 150
52 162
280 283
108 112
104 164
50 148
4 87
219 267
68 190
72 173
124 151
87 186
39 277
100 134
239 270
16 125
20 134
86 254
160 242
106 288
250 256
135 279
52 146
121 141
202 246
116 142
0 90
15 248
28 45
39 158
76 200
47 93
95 173
162 164
18 201
43 264
38 196
53 74
9 101
99 275
69 262
5 144
103 138
112 184
49 55
48 251
10 293
47 297
63 207
61 244
1 117
170 180
35 243
211 228
178 184
60 64
47 241
8 141
152 221
82 217
128 217
47 288
206 237
157 279
12 77
95 164
175 177
234 236
19 296
27 110
203 232
20 132
75 294
142 252
189 209
160 271
51 118
201 253
43 217
189 216
72 200
27 263
7 295
120 142
137 153
210 285
54 247
218 222
18 37
52 57
13 110
24 170
61 173
27 49
77 161
68 203
150 197
194 277
30 34
46 107
79 89
22 125
63 78
212 251
118 234
57 123
91 225
20 23
121 229
76 80
59 62
1 199
30 190
62 188
70 134
121 178
15 259
276 296
39 252
26 38
251 299
41 204
6 101
191 297
94 233
35 50
161 288
99 293
72 169
86 133
105 288
153 202
87 186
91 161
156 202
261 297
107 188
40 122
35 290
12 133
74 122
101 213
245 269
129 234
78 245
265 298
87 105
164 219
125 243
33 106
163 245
138 218
99 269
119 212
5 63
158 275
194 205
51 141
181 260
7 186
30 187
260 290
77 107
38 62
179 185
17 55
0 68
225 288
152 262
128 281
3 191
70 196
229 232
122 145
43 276
177 291
79 210
76 220
78 149
150 161
192 270
109 152
103 125
18 22
166 275
11 274
57 204
185 293
4 76
59 114
44 164
80 87
84 281
44 259
39 135
9 15
30 205
240 289
80 191
28 74
36 111
33 269
11 84
79 285
1 38
135 245
86 281
64 126
73 227
169 182
146 213
130 187
158 209
185 231
140 254
90 268
90 228
122 286
211 228
37 95
20 30
250 256
61 164
114 172
239 264
121 190
213 273
27 134
37 154
106 127
18 216
162 209
172 275
63 247
175 240
73 240
22 34
88 131
73 281
130 190
9 136
155 233
67 209
35 215
138 279
73 168
7 53
60 69
35 114
89 261
53 147
185 214
84 250
87 210
120 222
20 24
56 92
119 273
111 176
285 294
55 67
59 85
211 259
8 268
8 242
210 281
77 292
257 281
35 96
44 156
113 199
91 153
93 95
118 181
195 259
104 141
79 109
51 298
15 223
211 296
3 63
52 253
95 205
172 187
160 173
85 275
150 292
216 222
168 234
105 221
232 233
173 175
178 270
3 53
192 220
183 271
119 284
274 286
111 169
171 267
4 193
9 97
93 244
160 242
124 276
148 268
125 211
110 281
173 255
55 123
37 171
47 117
185 271
29 157
110 261
60 160
251 299
180 187
155 220
63 122
146 257
43 131
50 275
25 57
112 175
140 151
62 215
173 278
212 293
34 240
70 192
65 157
15 158
21 153
58 95
51 203
100 276
232 257
135 297
41 128
85 207
137 212
18 118
146 273
46 84
255 292
211 259
120 236
44 87
18 233
126 176
258 297
28 227
57 97
73 257
83 231
82 271
1 228
145 170
3 102
253 271
227 261
129 297
181 297
66 94
106 255
45 293
121 123
113 265
23 113
24 272
125 291
88 243
206 240
74 276
179 217
79 279
138 167
233 298
85 145
5 259
250 296
22 67
235 256
73 145
228 277
45 249
172 248
226 274
4 11
76 233
39 184
66 100
143 258
88 287
2 67
90 221
178 218
131 175
208 288
105 118
164 264
9 225
200 215
44 258
75 154
137 285
144 202
159 259
262 299
101 223
35 84
62 74
288 291
81 276
210 291
9 45
261 283
133 260
5 17
33 279
257 294
22 258
110 144
0 185
162 169
87 230
48 208
111 272
94 145
74 97
75 155
87 185
229 281
28 97
47 184
50 207
33 166
22 194
145 189
217 263
135 202
109 186
133 209
107 186
50 220
22 260
112 136
34 282
39 232
186 223
110 299
122 178
21 297
124 203
91 128
276 281
14 186
177 182
49 202
22 204
86 120
85 138
3 113
71 182
47 49
34 177
9 16
133 158
246 268
20 105
144 236
15 189
206 227
32 176
76 114
36 277
127 212
223 293
0 132
221 254
39 263
35 85
35 247
264 274
60 121
177 182
55 191
67 218
170 284
103 255
13 243
45 190
161 172
156 196
146 179
271 292
40 126
19 295
140 286
32 264
71 129
68 236
183 263
23 173
5 198
41 184
19 62
42 107
77 219
48 120
119 129
92 168
217 296
88 286
13 173
201 297
77 197
4 211
175 195
154 197
224 277
193 225
39 161
34 127
13 104
48 58
89 217
59 67
233 283
180 287
88 111
32 123
163 288
89 152
153 244
162 282
8 298
88 264
107 191
47 238
92 208
133 236
7 103
33 64
99 123
138 209
139 202
118 275
6 283
184 260
36 188
65 245
121 286
45 200
107 222
170 282
166 226
75 187
48 230
126 240
154 179
54 191
29 222
48 55
34 71
91 173
25 184
161 209
196 227
74 138
186 201
11 229
76 294
179 248
26 198
284 293
248 296
82 273
38 159
77 113
136 265
41 160
35 226
21 153
17 119
13 282
210 253
212 214
8 151
30 148
96 198
9 68
23 99
100 157
104 198
19 228
130 203
118 298
44 234
54 265
34 194
2 157
232 282
123 131
145 299
126 254
200 213
42 294
120 185
83 224
51 147
87 223
250 284
284 298
15 34
87 162
132 162
224 256
151 192
78 148
138 167
80 194
89 265
219 278
144 216
83 218
48 121
58 186
204 271
85 153
122 237
148 212
67 104
10 182
130 194
33 98
44 61
150 180
98 173
69 170
262 294
113 238
51 200
93 181
4 20
114 265
104 164
93 156
102 136
105 235
11 45
193 284
28 206
266 277
235 275
198 238
112 193
27 283
31 48
139 216
76 136
49 241
127 290
109 234
57 222
82 276
139 156
192 280
45 230
110 166
145 182
68 259
73 94
30 204
177 186
178 249
151 181
79 149
26 161
19 253
7 58
158 184
89 262
76 189
93 255
41 175
26 241
90 286
212 281
273 289
114 273
127 233
161 272
32 61
45 212
84 279
214 277
120 143
47 143
73 77
141 265
74 129
8 272
130 271
57 157
100 295
101 228
106 237
223 271
45 274
32 152
153 272
148 233
24 242
32 177
110 161
85 296
151 298
76 78
86 265
21 96
129 196
282 284
200 296
19 185
129 175
45 101
257 299
61 186
78 96
64 71
4 72
104 107
175 185
132 149
36 204
78 206
42 135
152 242
47 223
201 222
18 255
13 170
57 157
60 218
9 81
167 210
77 209
12 195
32 70
30 166
216 286
94 127
88 297
8 69
60 73
277 281
111 259
6 85
23 245
147 246
94 233
120 209
288 292
35 112
192 233
31 96
82 108
240 251
37 49
80 170
24 191
216 255
142 246
58 221
163 267
106 279
9 77
87 186
183 274
47 184
24 220
7 21
71 222
53 297
33 182
18 253
12 30
103 221
0 36
10 237
35 287
103 132
177 254
101 210
12 156
64 167
167 169
13 165
97 205
212 254
78 127
126 262
87 134
7 243
50 65
115 184
166 250
52 159
194 277
129 250
44 199
208 289
99 186
35 92
192 259
108 226
104 252
173 174
189 288
20 99
89 283
26 269
201 243
218 250
59 141
235 289
20 215
105 215
36 138
105 208
16 192
172 284
95 119
47 92
6 79
120 289
63 254
164 171
252 257
198 286
121 166
115 278
144 197
213 218
125 233
184 274
101 191
58 277
4 103
53 65
32 52
34 174
10 158
81 144
63 149
92 130
175 243
43 212
54 64
129 133
62 131
46 258
155 232
13 286
55 140
50 151
41 79
158 208
49 132
27 39
48 103
41 271
105 131
143 237
111 206
140 156
87 109
179 186
91 100
38 84
242 266
120 288
14 123
104 247
192 274
147 149
97 125
78 116
2 19
81 113
97 119
47 263
233 269
57 110
46 287
32 133
59 224
16 25
195 199
202 246
104 247
52 206
148 157
140 153
64 188
285 297
19 32
84 115
74 295
211 294
56 287
192 219
47 213
3 17
102 174
114 245
261 269
16 47
206 207
261 262
66 167
32 107
5 262
70 256
31 84
64 198
33 275
23 46
115 246
215 297
9 160
54 181
141 150
12 272
231 276
174 285
88 264
48 202
45 75
85 130
33 268
26 169
185 220
37 287
73 133
87 147
171 288
214 260
133 210
137 199
44 74
197 228
21 212
9 289
65 163
62 65
63 290
109 297
1 229
64 245
53 122
27 158
32 248
20 97
276 290
17 176
152 221
175 217
50 180
42 50
49 81
98 221
5 122
56 176
137 231
294 298
1 32
5 34
179 267
118 225
22 172
10 181
179 214
222 268
41 71
268 293
149 285
155 234
129 207
45 292
113 256
105 232
134 263
163 197
29 261
62 189
59 154
203 271
186 194
171 239
91 194
58 124
163 271
197 276
191 193
60 249
47 129
39 179
136 272
131 234
43 179
0 71
145 266
96 287
32 80
17 23
230 235
13 158
99 193
96 134
61 102
87 157
152 269
18 259
231 237
203 298
84 215
31 234
17 93
201 202
122 132
62 107
265 295
239 296
143 277
9 73
236 265
35 258
5 101
80 288
22 143
111 159
45 177
38 292
62 94
39 147
54 266
19 25
6 243
125 238
189 205
175 227
99 211
210 284
59 152
80 144
101 192
84 106
75 136
120 168
152 170
147 222
101 230
163 265
126 244
81 115
132 282
39 76
210 219
165 173
81 231
149 221
104 144
206 225
132 142
156 282
158 298
18 219
23 114
91 134
178 212
12 110
91 146
21 34
47 225
83 232
48 196
105 194
98 207
135 238
10 74
4 102
24 96
72 94
119 194
132 183
128 276
44 252
102 204
177 201
200 284
83 210
217 278
70 143
56 192
266 271
266 274
9 199
14 60
153 292
67 125
69 208
133 208
89 183
13 207
42 84
92 214
22 33
21 254
216 259
188 189
207 293
70 75
42 264
64 70
59 145
30 51
192 244
9 249
175 295
9 226
56 187
93 128
140 219
26 92
112 295
256 292
38 99
187 205
157 233
208 282
177 191
231 266
109 272
28 299
9 131
160 283
64 225
46 237
105 298
2 258
153 297
104 223
77 151
201 235
23 283
236 289
114 127
254 255
18 212
67 218
164 292
70 143
97 124
91 186
15 258
35 285
6 122
201 275
80 152
135 193
174 212
96 221
66 71
96 155
27 179
157 194
61 137
181 193
215 237
45 126
32 291
23 294
2 210
120 265
126 148
70 207
199 235
127 221
233 254
112 230
58 84
106 232
200 261
1 89
106 124
70 80
36 242
102 138
260 292
19 150
200 268
67 156
36 279
122 185
42 176
33 244
153 255
42 72
93 126
210 292
228 298
35 271
29 92
101 112
104 131
39 127
44 50
40 137
167 178
61 244
118 160
138 236
4 269
191 220
23 36
2 231
50 127
72 163
170 222
141 199
64 217
10 220
62 151
60 254
246 277
83 223
79 116
146 150
19 141
66 168
27 185
177 221
9 69
61 201
109 123
210 272
107 186
107 199
275 292
203 295
71 115
125 255
155 250
121 179
43 92
5 40
124 157
127 272
135 232
43 74
139 294
32 40
69 217
210 292
125 290
266 275
16 255
85 185
4 179
189 196
18 191
103 244
26 106
123 256
64 163
76 120
215 264
32 92
13 244
104 146
28 172
68 161
46 264
241 290
88 93
9 234
16 238
117 167
48 255
11 240
20 69
166 198
62 270
81 149
39 182
68 85
143 243
79 144
175 226
114 185
101 188
68 149
42 198
276 283
142 256
52 68
57 243
51 52
44 229
85 241
58 59
22 223
32 289
103 195
177 213
67 258
70 204
6 169
167 247
61 185
2 39
41 75
111 249
181 293
161 202
256 265
69 79
126 181
154 156
23 238
47 164
93 279
86 182
138 258
90 129
99 128
127 165
1 293
21 108
135 223
27 154
109 128
34 209
42 170
82 168
150 223
38 145
89 233
169 201
34 112
238 261
94 292
261 298
66 150
22 157
6 15
232 237
113 229
275 282
12 175
6 79
79 170
160 195
33 77
214 237
160 259
85 107
60 251
160 164
189 193
266 269
129 190
15 36
36 98
2 267
290 294
150 209
35 149
148 272
162 190
89 289
68 99
25 48
56 150
16 97
66 150
17 299
11 76
153 177
52 271
16 114
118 260
74 172
0 201
38 150
105 160
26 229
166 299
131 263
94 211
116 208
81 161
133 224
91 245
194 267
22 74
264 273
37 139
50 256
142 151
1 226
89 130
105 275
189 266
38 74
150 217
99 159
69 117
52 288
26 198
17 144
83 166
178 229
2 292
113 148
25 294
147 289
32 295
12 36
135 296
266 280
16 297
9 219
249 251
163 264
7 23
149 272
24 161
7 155
26 242
46 207
126 287
110 188
208 299
55 214
119 179
88 186
75 232
97 231
247 265
2 50
1 176
15 74
92 141
40 41
228 247
88 271
70 206
11 109
38 101
76 230
22 201
65 205
157 257
178 294
40 98
118 224
133 192
94 99
79 104
40 131
171 189
1 20
8 169
27 175
241 274
116 230
1 113
11 70
168 290
154 208
149 172
189 291
90 238
161 193
16 232
157 168
70 248
159 202
291 298
85 186
101 203
146 211
33 241
223 285
172 263
193 203
216 258
117 162
55 210
203 242
79 96
12 120
47 165
61 234
18 60
90 250
67 169
12 270
80 262
129 177
120 227
117 268
11 112
11 22
89 240
58 70
32 164
269 289
7 92
43 272
4 233
71 117
40 235
125 129
88 190
201 258
5 174
213 246
265 281
136 239
78 126
197 270
162 199
126 157
49 254
174 246
69 87
44 199
209 272
33 292
14 205
165 176
9 126
253 254
105 246
67 124
260 268
56 150
92 197
18 26
31 71
32 89
156 280
80 249
59 134
14 84
0 241
37 259
110 183
30 221
40 136
153 200
166 256
148 172
71 99
94 203
3 282
151 270
133 250
8 197
91 268
32 102
91 124
70 99
3 125
257 286
116 171
146 260
156 297
45 274
177 198
73 144
146 193
107 228
251 276
74 199
37 280
6 240
47 114
92 216
63 131
231 292
12 38
153 246
169 279
127 260
43 185
71 158
53 90
18 20
52 181
23 259
182 209
153 188
28 98
157 188
40 142
25 118
184 260
1 114
152 299
175 279
100 192
1 99
65 202
70 116
125 260
14 140
102 146
244 289
21 46
118 295
23 186
5 17
83 99
61 134
108 126
164 291
73 162
59 62
68 272
20 223
70 116
160 295
68 121
254 286
93 242
98 245
43 53
196 203
37 293
31 108
33 263
7 225
51 172
216 281
55 271
21 214
115 299
93 235
144 204
86 257
139 152
258 271
8 207
13 157
161 180
150 230
79 240
22 41
243 250
127 280
48 238
35 289
26 229
14 128
19 69
87 222
4 66
264 272
92 113
59 102
143 144
96 264
6 268
112 136
50 167
40 185
21 247
61 268
216 237
249 263
183 215
121 212
10 137
7 164
53 291
83 253
161 296
64 230
132 273
13 136
21 289
125 166
80 120
45 142
45 228
0 192
83 141
33 52
108 177
12 94
15 256
195 222
142 240
119 222
77 227
205 215
53 75
105 245
189 238
27 261
24 280
254 259
120 148
7 128
97 235
154 185
159 191
103 176
123 173
38 221
221 240
62 234
4 65
39 261
97 139
15 219
45 51
99 193
16 154
19 235
15 273
281 294
210 269
254 289
20 213
20 268
161 206
183 235
13 254
226 227
17 43
7 109
68 185
148 150
68 267
137 220
182 212
85 252
49 227
119 280
25 237
118 162
42 196
33 232
94 245
110 226
1 90
221 283
31 218
16 191
17 100
41 106
270 280
79 202
13 172
74 276
133 214
30 211
60 163
153 167
119 144
164 270
12 79
95 149
89 277
111 182
28 153
11 169
23 262
111 123
162 177
59 229
11 20
95 97
104 170
112 200
144 154
108 295
238 297
107 120
38 214
56 273
57 226
0 206
30 279
106 281
12 230
117 230
85 125
127 172
131 240
121 125
69 158
12 40
104 274
43 289
31 81
96 175
67 96
1 10
181 211
94 148
217 297
204 252
286 295
128 175
95 266
25 162
140 199
98 189
5 130
47 57
86 230
165 276
1 60
68 128
84 204
196 241
187 221
187 282
31 168
149 198
25 122
96 118
39 151
22 113
5 165
50 216
8 44
10 276
83 296
12 238
69 91
0 116
78 262
43 293
65 135
13 244
228 294
11 197
39 274
95 267
112 209
50 55
251 287
193 253
29 82
129 186
143 285
158 177
22 227
22 274
37 210
150 227
28 85
9 190
9 88
267 295
24 47
151 265
8 188
76 192
9 272
98 102
158 160
36 257
83 289
50 181
117 133
0 273
200 228
152 238
56 188
104 227
75 275
144 198
136 244
37 71
58 142
154 161
137 299
5 180
92 269
17 166
127 290
12 20
86 206
72 75
96 241
37 296
116 288
186 211
29 103
171 243
211 298
127 168
117 127
248 290
164 238
48 234
7 129
216 267
66 177
17 110
52 142
15 145
81 288
118 217
139 202
63 254
42 134
43 65
19 129
113 213
1 291
34 90
69 163
199 263
24 92
52 173
52 125
20 175
206 229
174 268
64 110
71 140
194 292
13 200
216 264
155 242
95 115
83 168
54 292
140 250
48 148
236 266
208 233
44 68
152 287
50 63
86 151
14 101
145 216
25 286
7 229
48 290
25 143
130 139
49 180
104 218
50 148
45 106
162 276
163 244
216 263
35 157
35 266
249 274
41 45
44 67
0 176
206 233
32 86
259 296
25 265
9 143
34 63
163 211
115 250
51 181
11 36
179 209
195 233
22 144
202 259
33 294
135 233
259 265
89 134
19 278
23 142
125 186
205 231
62 290
65 151
132 267
61 251
84 275
43 276
186 291
88 181
166 218
69 124
36 250
127 196
94 203
142 245
41 80
220 238
171 288
195 255
223 243
161 167
27 141
101 146
88 95
149 260
18 47
75 140
208 276
154 200
136 160
16 167
0 168
162 167
192 199
25 245
60 88
41 181
25 253
15 172
4 130
28 91
116 137
88 205
247 262
80 121
185 276
267 284
48 130
197 295
221 227
98 146
38 232
109 245
30 32
256 278
86 121
89 149
210 295
180 220
121 131
191 274
59 239
40 74
46 193
67 168
4 203
184 238
24 217
124 285
86 249
94 130
12 280
48 275
48 168
18 36
222 290
126 172
73 262
111 285
34 135
174 247
40 282
197 292
4 172
221 271
78 267
1 81
126 156
162 251
41 286
196 272
98 146
66 222
202 275
89 143
0 265
125 161
10 146
206 224
247 268
34 161
20 144
32 259
161 239
34 196
101 151
55 246
33 147
147 192
140 299
17 29
99 149
19 224
83 264
137 212
8 254
154 282
44 259
173 225
205 229
215 240
120 155
117 136
113 202
62 251
119 161
64 199
160 198
20 231
33 219
165 253
11 18
70 191
221 226
11 58
139 191
125 162
10 246
193 254
29 233
88 283
44 184
73 260
86 253
32 98
103 219
42 86
28 127
85 94
0 275
113 195
153 284
185 248
154 195
138 152
13 141
97 190
106 184
69 216
127 296
127 297
185 253
48 264
1 226
161 187
6 245
164 173
146 259
164 225
228 259
100 200
7 109
66 211
69 265
163 267
209 274
75 127
77 115
84 145
29 83
44 260
175 290
18 62
138 187
61 192
273 297
139 290
4 34
19 159
190 257
69 281
179 256
54 81
81 111
121 209
48 279
97 259
100 191
202 250
159 221
98 194
137 222
41 89
181 205
13 278
3 295
138 210
72 211
181 209
92 177
41 197
244 262
239 256
94 292
21 24
183 260
77 127
37 147
164 210
137 206
170 271
87 225
80 84
34 210
78 235
101 256
100 150
65 150
242 250
86 260
96 226
43 54
137 168
56 289
208 288
33 261
98 209
51 62
105 213
258 294
13 59
40 272
58 293
129 262
206 225
57 154
39 130
145 264
118 261
40 256
242 251
19 240
97 113
37 151
277 295
9 102
152 240
185 281
109 206
260 295
213 249
62 219
11 22
136 236
31 64
153 272
160 188
102 182
272 293
34 80
98 278
42 147
222 243
38 126
77 101
62 280
179 230
121 171
220 267
49 266
124 156
280 299
22 116
21 58
123 180
28 46
104 114
28 242
64 87
116 269
128 256
55 238
124 188
59 97
40 292
51 224
142 231
117 131
159 242
125 289
109 110
173 266
165 171
21 248
214 256
146 200
49 190
63 299
195 275
63 283
72 265
41 208
8 129
79 80
114 215
61 249
18 101
184 240
105 142
41 78
186 249
67 83
15 149
74 166
86 146
138 255
25 292
4 209
103 104
201 222
107 146
146 230
55 196
138 292
259 299
61 293
6 91
172 177
80 128
1 128
192 296
205 228
126 201
72 89
114 156
93 243
66 127
13 90
131 197
96 167
144 292
95 191
175 286
52 78
10 11
208 275
8 239
197 236
104 240
35 226
199 259
108 157
8 164
93 121
199 296
201 281
53 66
81 98
31 206
30 161
21 130
230 251
202 276
76 125
65 129
18 176
17 25
58 95
62 171
47 150
66 241
123 255
146 162
105 195
69 89
151 249
42 235
211 297
176 251
264 280
8 42
126 201
19 294
79 142
7 206
111 162
236 245
80 290
28 63
165 226
81 287
51 260
140 265
130 187
121 224
155 254
150 169
33 182
113 261
86 229
30 191
187 256
40 176
2 245
87 162
219 279
73 166
186 197
231 285
44 138
111 202
198 200
4 273
32 265
176 188
40 239
78 118
27 191
175 284
3 100
16 297
2 215
78 255
153 174
42 261
70 218
101 183
242 288
146 176
51 136
2 133
258 266
204 228
43 235
49 163
156 159
164 214
49 107
36 78
75 140
70 185
40 237
28 177
1 3
36 172
179 288
73 176
73 133
291 293
42 171
19 21
10 195
7 8
139 164
14 138
215 222
162 211
101 134
31 50
190 277
119 280
53 61
106 237
220 264
180 267
96 182
39 50
115 260
124 250
295 298
5 132
57 252
98 169
148 152
1 63
86 230
57 189
93 127
155 186
43 202
240 265
49 262
6 187
82 204
187 297
56 253
71 178
2 105
39 51
41 182
159 215
155 226
60 72
96 225
80 286
103 233
172 285
105 112
47 52
85 224
112 238
77 121
81 125
63 107
160 213
106 240
50 148
22 149
97 110
94 254
49 123
0 270
103 258
109 165
141 263
185 212
154 174
105 207
40 195
150 207
35 79
71 136
30 291
90 176
81 142
127 200
66 218
92 292
50 102
61 178
194 275
110 286
14 73
0 22
37 235
164 200
223 248
3 178
16 191
59 69
41 68
34 251
252 273
125 225
155 176
185 276
119 295
49 130
265 282
47 141
138 183
98 127
51 165
119 181
92 265
78 221
162 173
38 187
158 292
21 122
146 182
27 297
59 178
108 157
248 257
94 218
36 39
14 90
122 267
98 122
166 171
50 267
132 216
7 295
32 243
47 182
46 232
135 250
21 172
99 106
239 263
12 142
78 280
47 232
15 128
174 273
87 185
39 90
132 232
17 241
65 79
112 247
102 227
132 157
23 54
242 248
205 231
196 207
86 209
81 256
145 287
97 138
6 180
16 89
49 147
82 227
265 285
88 200
69 209
166 176
250 284
143 187
218 235
92 162
62 73
45 159
1 209
163 230
156 244
137 172
118 283
234 273
72 202
114 267
120 249
184 194
0 191
28 79
44 198
104 166
170 192
9 298
26 37
42 70
53 81
192 223
3 257
107 159
82 192
198 272
26 298
38 200
235 249
82 95
221 288
15 64
12 163
133 173
69 230
126 268
46 275
205 286
65 275
241 282
69 180
21 170
60 113
285 298
67 296
2 275
82 244
153 207
236 268
76 214
5 112
18 76
150 189
110 111
12 153
44 214
56 173
61 226
9 199
76 241
95 270
136 209
91 185
51 73
65 228
13 215
149 214
59 60
234 283
18 104
168 260
39 238
36 245
148 194
51 113
158 259
115 289
98 203
79 255
176 235
140 193
224 234
18 78
98 293
123 223
10 170
24 136
243 257
170 184
140 159
187 213
123 281
195 199
88 136
37 115
80 254
228 282
21 246
125 201
7 147
140 180
136 266
146 260
171 235
40 120
105 258
51 172
24 152
72 196
53 249
120 145
91 123
32 110
69 192
70 72
11 91
56 132
8 84
60 274
127 237
130 172
59 265
219 243
158 211
56 225
112 158
102 231
87 112
38 101
132 144
20 142
66 141
61 70
83 166
209 227
48 277
136 205
187 253
55 251
6 240
189 296
1 20
103 270
118 124
8 16
196 286
60 230
62 148
234 272
202 295
51 177
72 149
11 164
161 249
144 166
22 188
171 238
14 31
186 213
129 265
94 216
243 251
112 167
156 179
86 92
111 122
15 209
14 298
81 269
132 203
8 74
164 251
35 250
239 269
93 142
28 109
126 215
45 69
50 218
121 192
1 9
25 101
226 261
183 297
60 248
62 276
167 201
3 276
28 241
71 133
86 298
24 137
153 203
57 295
168 253
130 194
92 175
74 126
45 84
246 288
68 95
162 274
93 149
186 294
51 274
169 229
148 189
15 271
14 253
70 102
78 239
278 287
131 142
94 130
151 284
180 234
22 159
97 287
232 246
55 137
44 63
19 218
139 211
163 292
201 278
154 284
96 115
66 111
80 237
38 203
23 125
10 244
101 220
144 179
163 232
39 204
23 261
6 159
81 294
4 275
24 167
8 158
105 111
30 267
33 49
38 217
184 225
117 226
72 78
114 228
71 282
48 53
69 230
40 184
92 162
66 149
70 208
122 172
100 279
18 80
35 45
153 280
8 253
218 275
196 276
127 220
72 93
261 282
129 141
64 118
192 267
115 208
246 290
11 65
40 281
63 299
142 175
118 226
19 199
21 159
117 212
27 133
77 90
242 246
93 255
34 62
28 226
33 243
79 246
103 179
119 255
10 94
18 235
4 273
60 184
85 277
14 219
147 178
35 261
136 210
1 270
115 183
103 255
1 181
219 293
162 270
107 265
132 240
22 286
120 153
62 249
52 107
273 287
56 58
53 73
7 135
74 107
107 164
113 200
31 119
121 288
39 243
127 241
56 177
61 254
100 216
3 47
53 291
187 246
189 197
95 240
230 235
146 239
59 180
57 232
25 54
36 58
92 215
190 198
119 238
68 117
252 261
149 196
74 154
50 174
87 220
215 237
254 258
184 298
173 254
33 152
178 233
38 128
60 211
88 210
99 193
199 271
6 177
59 266
61 86
226 278
101 259
8 286
23 104
145 202
162 294
126 212
165 221
33 161
128 271
64 92
152 181
28 72
13 42
267 293
20 169
99 184
153 189
147 260
18 216
20 131
170 219
20 289
0 82
219 250
209 224
10 58
7 28
262 288
81 213
36 200
114 138
225 245
256 274
70 299
124 171
172 241
178 295
22 188
192 248
40 247
61 109
88 240
175 214
63 148
69 180
143 212
49 297
184 216
38 138
147 165
94 139
60 217
20 45
176 282
110 132
142 259
144 278
82 242
34 189
150 225
36 278
147 259
291 295
38 135
182 206
70 120
194 258
198 231
119 174
19 43
186 266
22 239
156 245
4 296
149 200
42 287
49 193
97 143
8 270
202 248
202 222
51 150
106 204
110 265
28 51
58 114
130 208
164 196
33 156
20 165
78 152
53 175
25 27
187 189
30 111
9 224
15 98
14 38
2 196
2 151
181 195
183 253
257 294
8 293
167 275
8 294
17 274
183 188
124 138
119 248
29 216
176 232
266 288
196 242
15 209
43 113
226 293
194 219
31 171
238 278
23 292
31 287
34 105
5 280
11 114
25 255
97 142
37 284
45 258
136 160
11 127
90 200
20 273
176 265
19 169
219 295
67 168
22 106
34 200
134 272
222 224
78 125
64 74
155 268
39 74
53 104
73 249
188 238
245 257
21 85
11 244
237 276
19 43
20 188
81 122
99 127
89 262
4 201
32 259
7 43
15 239
106 213
67 135
19 297
191 202
228 299
74 230
54 228
90 194
173 242
84 175
121 229
209 255
18 43
15 38
196 204
13 119
193 200
70 169
106 220
72 203
198 209
46 278
116 127
78 203
24 59
65 201
12 109
144 269
18 102
7 285
246 264
88 103
118 164
31 89
13 67
55 237
139 257
117 291
166 203
183 257
140 167
192 268
180 260
107 239
241 286
162 167
14 125
168 255
24 39
100 212
43 206
92 268
84 188
54 296
5 21
78 179
219 231
70 151
20 159
9 114
260 271
49 98
125 290
115 247
60 157
79 154
207 259
111 164
235 244
97 146
148 209
225 278
188 248
136 160
86 138
19 203
225 276
19 298
28 280
200 243
83 235
9 26
98 106
22 232
184 273
18 79
49 211
81 246
28 217
156 224
107 145
193 224
203 235
9 273
59 161
50 109
40 213
63 230
126 242
24 75
86 131
228 297
207 233
1 178
84 279
104 148
116 262
30 261
174 245
80 144
11 56
252 298
218 263
207 289
41 47
64 121
91 167
9 176
81 236
10 40
12 281
165 207
178 210
82 288
16 294
97 222
255 267
57 218
38 177
86 251
42 198
33 221
232 259
133 161
27 224
14 116
87 174
4 162
78 108
118 120
132 159
67 147
9 166
91 276
110 126
38 210
239 284
76 274
129 242
151 210
79 210
52 223
132 157
0 295
106 265
60 216
19 297
227 228
234 274
59 63
103 195
267 268
93 145
18 180
56 154
72 263
48 165
94 229
224 272
13 118
140 280
70 139
149 297
167 205
124 253
46 164
203 219
38 113
180 246
44 228
145 247
62 161
94 201
190 271
65 206
35 55
33 59
47 63
30 247
237 285
27 117
2 288
272 275
200 233
263 267
149 244
209 276
53 268
10 211
50 72
179 266
87 227
29 93
150 278
18 114
210 292
20 196
211 236
112 209
23 203
60 192
107 234
223 281
43 189
118 142
215 285
174 278
49 140
180 272
157 203
179 205
122 161
92 279
284 288
64 162
136 187
144 271
40 105
247 248
61 240
249 287
52 206
82 235
151 227
130 174
72 274
151 160
234 269
128 262
236 289
7 214
216 266
33 163
72 187
166 198
0 276
0 54
43 173
6 269
151 225
157 249
125 251
49 54
172 200
192 239
1 152
53 112
70 232
193 220
149 188
35 37
216 280
9 259
35 235
128 280
75 274
178 288
62 182
83 277
68 277
61 205
70 293
55 260
55 183
8 138
58 177
129 184
105 141
167 203
110 259
77 90
50 260
12 68
191 230
257 274
142 182
161 175
206 216
45 220
43 265
69 108
8 92
194 212
67 70
160 243
67 256
23 281
207 209
86 207
103 221
152 230
60 177
175 261
233 283
179 182
72 222
1 44
29 150
107 213
49 145
108 268
81 279
162 212
172 213
43 169
78 195
59 190
95 215
54 76
1 191
59 140
177 289
29 289
14 175
159 269
10 281
151 182
81 290
162 286
125 273
77 222
10 84
15 57
66 239
20 65
173 219
100 151
110 162
72 164
105 183
29 149
25 260
119 210
21 94
20 183
63 156
148 164
80 180
84 156
19 296
26 216
82 219
29 86
161 217
14 222
256 262
189 199
56 242
20 116
193 226
125 155
131 267
12 179
63 85
9 137
149 212
201 217
140 208
257 273
127 186
52 259
67 151
165 279
174 278
105 234
126 247
133 235
154 213
63 87
115 175
47 289
21 26
42 104
14 184
146 205
36 159
97 216
74 122
209 273
127 289
81 262
162 259
14 175
6 118
38 46
22 33
5 184
115 225
4 208
172 244
17 79
268 282
136 214
14 203
89 174
50 119
78 293
217 293
103 279
109 137
42 177
50 209
87 177
50 55
187 235
152 262
60 106
66 159
209 277
132 204
52 181
96 128
15 34
34 246
33 62
72 123
25 189
114 203
91 127
31 154
53 152
5 264
206 290
3 98
101 154
3 71
175 298
142 266
67 148
4 81
286 297
38 207
69 241
5 274
0 59
42 280
26 253
101 200
237 281
273 297
62 115
183 187
145 211
71 144
40 126
6 13
160 233
8 281
178 251
44 292
56 108
155 169
203 288
189 213
107 297
220 279
67 153
144 274
56 99
127 266
6 294
175 280
135 209
43 269
56 228
82 197
159 205
253 258
16 97
50 219
51 158
30 206
193 203
172 226
120 167
154 268
102 168
117 298
216 284
14 238
57 150
25 36
119 167
181 233
155 197
54 198
126 223
5 30
50 179
128 168
129 245
5 80
113 169
2 90
98 188
217 245
99 279
35 265
188 238
53 275
33 66
107 290
10 252
84 141
43 241
115 280
9 119
41 283
293 299
200 251
48 113
38 61
58 134
215 252
67 135
98 245
38 115
204 271
98 268
123 125
10 284
147 153
90 128
193 239
182 278
130 208
239 240
134 237
13 296
21 257
70 279
23 200
20 175
196 237
2 248
127 157
238 269
203 247
5 92
55 158
114 164
92 151
31 33
50 99
131 163
162 226
79 125
24 246
52 188
47 192
27 235
106 296
57 275
34 280
60 124
150 256
158 186
159 215
9 138
71 219
63 68
91 146
20 225
136 286
33 187
75 190
202 297
132 234
55 171
30 50
10 256
136 194
124 244
47 109
91 97
143 185
20 190
162 292
44 180
169 274
144 246
97 119
71 205
218 279
24 168
115 295
87 273
234 262
10 112
123 280
56 228
253 272
10 114
41 284
164 233
149 171
204 255
20 148
111 226
20 68
65 105
136 194
13 105
20 210
96 193
28 155
64 149
101 260
44 97
134 194
132 245
190 213
154 167
29 73
206 252
140 250
103 249
25 64
100 299
7 155
46 101
38 94
66 76
148 280
8 260
27 140
14 274
153 181
79 136
145 154
188 222
178 181
35 142
32 68
198 298
77 219
114 183
54 199
65 275
54 230
121 179
88 154
206 245
31 116
249 288
17 41
105 175
159 252
64 87
75 192
25 224
187 267
51 166
6 283
17 42
104 124
11 117
73 118
5 242
152 256
17 203
188 214
89 276
182 185
179 223
40 264
83 182
69 229
28 285
187 240
57 240
48 170
59 260
248 278
21 267
44 274
125 258
193 213
75 293
55 242
194 245
205 240
189 251
2 84
89 93
95 245
173 296
101 292
4 126
19 293
123 271
193 215
175 227
130 138
83 184
96 275
57 67
19 45
23 294
34 96
47 49
76 140
85 271
33 65
83 255
163 228
92 273
50 151
153 206
280 294
215 269
93 204
21 143
61 215
229 235
202 257
36 239
53 124
52 145
137 286
76 238
46 213
92 204
131 205
88 252
15 243
242 251
178 276
56 167
51 297
101 170
13 292
129 245
68 192
94 154
232 236
7 40
183 214
265 276
105 218
187 249
169 225
143 174
73 224
67 281
103 194
129 187
99 112
210 278
106 188
36 254
67 180
64 233
196 283
203 236
19 82
105 201
129 250
161 191
36 220
31 264
50 194
23 281
8 81
223 277
27 211
220 224
10 218
68 220
79 158
98 234
232 282
207 287
176 229
74 268
72 104
157 233
115 273
18 222
44 87
30 122
36 104
86 93
9 34
9 212
40 123
234 241
25 99
59 185
53 231
1 17
143 213
53 226
71 222
29 132
83 131
17 155
17 34
69 162
59 70
51 184
156 222
93 95
172 179
146 148
13 144
199 209
121 154
17 114
257 276
20 288
10 159
32 233
18 41
1 161
93 263
56 171
115 185
31 280
6 70
106 261
143 145
48 169
29 80
48 70
99 284
41 106
150 157
42 105
115 138
191 260
231 245
97 202
185 240
95 121
105 202
44 118
128 202
129 146
51 165
100 128
37 137
88 281
4 142
57 112
40 58
206 245
113 159
94 226
161 203
15 248
46 287
33 107
182 189
17 66
64 275
55 129
72 253
3 278
44 115
28 188
40 106
149 295
112 196
7 153
89 292
83 153
133 233
5 135
37 46
126 296
198 225
78 294
195 233
233 274
38 248
37 40
88 201
16 94
136 219
123 157
57 121
15 36
28 263
147 256
156 186
48 129
93 139
107 265
20 221
144 251
97 286
35 295
96 247
70 151
103 106
141 251
182 200
79 269
129 179
17 256
32 84
19 57
40 217
59 179
65 109
20 257
23 56
81 216
247 283
81 249
149 258
259 267
48 228
2 119
234 272
88 199
81 204
55 192
20 91
17 42
19 238
291 293
116 179
202 250
17 287
149 185
82 291
34 247
135 268
56 105
66 173
7 38
194 208
100 274
12 252
91 150
47 269
73 249
24 274
230 262
157 226
73 209
58 256
1 144
59 258
6 144
77 144
83 136
83 203
53 121
36 218
127 296
159 286
141 251
4 132
94 171
268 274
30 71
5 120
77 105
170 280
97 291
109 261
145 205
80 164
263 274
110 177
133 279
151 178
99 158
78 255
154 198
172 256
71 183
25 121
165 170
21 185
163 287
122 283
41 106
12 124
193 240
178 213
88 173
76 162
118 277
131 237
1 142
3 244
174 253
8 156
214 260
9 56
117 298
43 202
135 147
106 191
21 38
121 208
60 102
175 225
208 297
37 289
2 197
236 269
197 238
23 140
133 167
9 39
98 249
17 219
114 209
99 109
199 269
62 100
83 242
224 232
192 220
26 239
103 260
73 294
12 32
63 296
54 103
97 297
86 220
39 105
74 244
9 201
39 154
137 224
34 195
166 201
21 254
124 145
12 257
103 273
280 297
90 149
24 183
31 66
184 231
130 223
118 235
201 239
55 267
130 177
288 296
115 230
101 133
92 170
7 182
71 286
14 277
30 44
211 212
45 257
56 94
236 286
270 271
142 283
51 281
193 255
87 131
222 223
3 211
96 185
101 141
170 281
85 190
111 217
79 207
112 220
250 285
74 285
149 189
53 231
149 214
70 254
288 298
190 259
189 253
35 233
159 160
68 184
2 73
162 242
98 186
88 110
17 200
120 191
234 256
254 279
170 292
273 295
11 234
12 17
82 225
81 276
257 277
226 265
31 188
29 98
8 16
5 205
256 296
119 127
37 51
52 129
123 254
44 167
33 35
249 298
3 93
16 119
203 229
12 284
95 275
159 199
213 216
18 290
234 255
168 233
18 244
104 122
83 260
105 185
170 249
100 166
95 227
148 235
167 210
153 162
51 291
194 249
9 179
10 292
214 273
89 247
153 265
130 224
22 138
103 220
171 181
101 217
34 264
186 233
231 255
19 162
189 234
15 188
188 279
34 161
35 57
164 197
0 116
28 174
93 109
68 221
59 151
99 291
30 253
55 92
123 153
72 234
12 89
97 197
71 197
138 141
24 211
160 269
0 281
120 207
92 271
58 256
99 150
51 188
182 295
12 73
237 284
255 260
54 97
145 196
240 272
59 228
278 282
66 185
43 262
29 154
217 272
147 166
20 91
211 299
61 70
226 245
86 234
169 266
208 240
112 239
123 185
259 262
234 279
82 284
168 212
134 297
24 52
138 148
21 77
19 209
35 87
126 243
148 192
150 243
105 118
21 106
1 182
126 286
12 119
157 184
97 141
143 164
274 275
19 42
137 206
80 147
10 204
14 100
124 264
196 245
41 175
98 296
63 296
13 210
94 173
234 266
31 167
133 265
105 155
92 219
16 33
55 115
156 229
20 133
56 209
63 78
155 165
201 224
151 176
80 227
159 186
89 129
52 106
134 160
26 124
149 180
87 156
259 289
146 294
119 159
235 275
113 251
5 218
147 205
156 293
129 237
1 137
12 45
78 168
108 178
135 257
57 293
11 189
63 157
70 79
215 240
0 9
158 212
188 200
4 294
163 186
30 60
143 184
83 236
44 199
155 160
42 166
79 87
21 225
252 287
47 204
76 135
62 176
32 53
217 233
77 298
9 207
6 189
29 104
105 228
101 144
91 156
79 145
31 125
36 47
78 193
101 148
140 171
76 188
217 261
135 253
187 273
206 266
134 281
110 176
47 201
33 161
82 235
80 206
98 177
29 218
158 209
117 132
40 292
29 154
141 224
6 193
93 267
20 109
80 224
5 42
257 290
95 209
29 153
15 153
123 246
14 72
98 271
85 298
25 284
59 223
262 272
192 291
100 251
28 244
108 209
65 278
12 129
29 60
16 275
70 142
23 55
32 129
29 155
69 227
228 286
53 243
19 266
71 211
66 297
42 242
94 258
73 104
60 288
181 298
39 112
112 283
228 238
13 195
84 165
83 295
132 167
121 169
44 206
80 167
151 261
148 237
164 255
24 276
6 19
6 132
64 258
184 287
1 72
185 188
182 281
8 201
59 125
227 236
31 241
245 255
16 234
191 282
220 288
76 147
91 186
212 296
37 255
128 297
59 176
103 173
195 269
128 269
74 147
61 281
244 255
197 228
231 286
276 289
148 218
17 254
125 194
113 142
161 198
48 159
25 69
39 93
230 234
11 258
5 8
223 269
49 229
50 163
124 181
118 226
168 262
51 57
148 243
149 191
186 275
128 204
274 285
55 279
90 205
32 186
157 279
94 241
52 76
56 151
17 73
195 293
48 119
65 172
235 240
19 41
85 297
19 292
272 279
64 213
69 253
29 133
31 40
78 85
180 220
67 146
111 286
125 142
0 184
8 152
184 293
127 205
137 165
251 280
162 176
103 226
95 257
82 107
136 160
106 111
125 179
44 88
49 90
104 225
10 256
4 246
188 275
54 176
71 100
85 272
24 77
11 291
14 243
96 102
117 227
173 199
109 183
37 195
141 197
254 280
171 228
18 95
114 218
16 162
242 274
126 299
154 231
53 193
9 85
246 295
152 160
13 134
54 295
11 210
170 261
60 185
90 146
24 298
194 208
165 292
185 211
185 271
110 157
78 190
44 120
16 159
5 128
143 222
204 272
63 118
11 118
2 262
62 86
94 127
171 257
96 237
117 157
64 222
43 288
147 150
84 210
49 103
229 253
142 234
222 227
34 265
189 230
10 67
38 64
105 213
55 267
34 231
76 193
25 148
128 248
20 165
129 182
85 114
96 294
12 169
165 233
3 224
92 118
77 142
45 181
100 181
240 294
171 270
95 240
109 285
125 129
16 68
114 251
14 100
62 154
42 131
21 120
93 108
8 254
237 297
101 209
55 168
132 268
188 297
104 167
84 208
162 163
140 270
12 187
55 241
269 298
49 184
239 278
143 206
122 150
27 120
215 281
283 285
58 82
19 60
23 285
49 293
131 210
70 85
122 283
216 220
89 151
9 217
5 78
143 259
124 191
153 265
265 289
20 61
24 195
16 242
60 124
70 85
37 52
65 259
9 239
90 227
14 168
147 265
11 214
55 161
99 295
237 275
11 181
15 59
255 269
166 265
228 263
161 271
26 200
130 294
36 143
78 256
76 115
254 298
51 290
10 64
159 225
265 275
210 293
137 164
25 108
101 276
0 213
117 246
8 107
79 231
5 205
96 112
2 63
7 271
131 276
170 256
84 155
145 183
47 86
17 114
19 274
132 173
100 144
86 129
37 102
42 90
40 143
25 258
237 247
95 252
178 206
56 193
189 240
89 289
39 260
101 293
24 253
6 204
9 145
143 203
61 124
133 278
163 285
155 222
31 33
229 272
195 219
206 282
71 143
24 91
44 183
44 272
2 197
44 262
129 199
161 177
186 198
182 230
167 168
46 105
158 280
48 233
155 243
1 194
5 16
16 59
75 144
203 245
103 270
15 82
83 238
15 238
141 287
183 298
50 92
7 199
19 293
41 63
26 146
45 178
160 276
183 228
27 211
263 287
221 256
151 279
78 281
111 255
16 77
24 68
158 167
92 118
246 290
90 275
18 128
28 287
109 146
193 284
11 282
115 225
123 138
80 123
73 272
57 294
112 120
48 107
113 276
54 216
57 257
116 287
168 191
31 89
1 234
123 266
65 195
52 263
239 263
47 95
57 115
93 191
250 283
87 272
182 236
