6
15 3 10 3
4 15 8 16 6 6 17 3 10 11 18 7 14 7 15 
6 2 5 3
5 2 7 3 8 9
15 3 10 3
4 15 8 16 6 6 17 3 10 11 18 7 14 7 15 
100 20 60 21
148 810 785 695 201 113 382 234 50 567 586 345 725 614 633 882 671 748 330 705 899 147 947 436 442 963 918 492 948 691 429 591 509 629 227 884 963 939 998 606 343 359 743 573 810 911 292 529 530 584 345 88 110 66 818 898 358 749 428 116 638 650 965 394 780 445 816 312 968 225 653 426 356 565 609 442 60 678 314 50 264 469 518 155 328 170 421 981 951 329 907 616 954 412 658 395 355 345 784 242 
300 100 300 132
302 384 716 195 716 202 640 721 528 396 905 351 472 133 260 841 489 94 696 281 658 845 571 430 47 71 694 177 275 910 356 8 506 228 591 382 966 766 676 122 96 636 440 23 202 616 698 724 858 949 562 117 945 738 531 250 244 759 414 15 955 967 639 260 969 663 675 469 340 734 562 868 29 813 922 805 657 201 204 419 281 103 763 881 823 799 834 572 819 980 236 519 173 251 562 863 43 130 449 816 93 835 611 287 535 568 623 769 975 297 979 748 480 357 856 621 805 541 294 906 194 655 434 601 776 873 750 977 816 788 320 159 66 668 909 539 790 333 512 972 482 184 765 137 909 534 563 602 595 188 41 62 298 423 440 926 733 50 370 522 343 590 553 522 755 10 91 152 937 259 716 148 91 853 156 304 761 251 299 534 713 299 979 214 795 253 77 372 668 246 134 786 722 48 947 73 472 276 866 718 393 59 827 323 298 401 751 107 499 75 640 578 799 378 90 908 85 601 169 501 789 724 298 425 247 625 390 733 952 291 724 893 78 700 598 127 23 563 463 696 789 439 627 415 380 803 672 215 71 714 932 88 888 692 199 623 719 882 770 636 748 982 232 701 880 711 940 714 769 20 51 593 797 494 155 867 338 355 28 574 162 329 974 660 948 535 484 932 209 98 600 600 837 223 502 231 423 107 229 451 
500 200 400 176
169 653 252 164 765 527 115 784 18 623 270 623 868 676 121 999 459 277 49 702 792 11 307 85 316 925 40 871 844 422 685 288 299 332 376 329 142 218 549 571 365 841 762 970 912 99 215 621 561 848 307 651 193 964 323 167 429 368 675 111 394 919 850 489 734 453 577 135 890 515 756 550 981 806 805 969 74 633 117 531 181 392 221 365 609 687 492 860 334 777 985 958 601 469 179 935 461 630 431 743 953 243 778 414 969 630 255 172 49 848 779 762 39 709 352 748 913 916 335 259 559 994 425 862 778 631 184 49 469 81 249 105 667 512 613 270 978 722 472 922 230 295 737 57 400 663 300 265 440 67 492 172 177 298 261 828 628 181 496 591 296 317 152 659 601 115 542 324 966 392 552 123 936 974 719 801 839 487 96 636 223 540 955 49 35 497 955 123 320 111 101 266 790 218 156 176 482 524 268 728 511 713 862 400 647 565 268 481 12 939 350 604 452 720 835 207 829 230 243 265 413 325 637 186 877 263 621 374 966 731 81 275 893 430 739 705 539 36 49 530 584 148 100 706 249 133 134 145 800 507 295 334 699 15 561 334 263 230 803 70 406 641 155 397 6 813 488 941 717 731 614 251 298 611 891 965 894 828 202 997 194 399 854 131 594 517 753 103 963 262 533 567 545 140 19 933 60 968 218 109 444 515 99 126 211 582 3 966 665 302 976 539 646 578 327 552 979 920 141 756 74 568 308 425 591 334 89 596 271 133 708 928 448 930 64 272 921 991 987 549 932 497 584 188 793 549 699 676 661 990 844 502 930 954 200 766 681 773 365 41 701 310 541 679 386 737 116 915 574 525 597 577 295 575 201 304 53 878 850 448 377 248 32 189 253 293 945 964 110 459 734 29 960 170 268 898 537 681 56 991 393 7 623 939 48 143 661 582 225 502 468 531 253 127 63 768 771 593 319 419 870 911 206 727 199 144 410 144 950 184 964 307 379 327 58 778 113 560 146 431 581 421 976 614 419 809 578 135 523 622 66 788 882 25 907 480 115 802 759 769 759 656 112 312 611 204 398 567 409 868 961 362 778 4 768 176 627 160 409 827 93 821 201 54 225 216 318 504 483 775 611 615 102 951 356 630 713 726 643 729 