5
15 3 10 3
4 15 8 16 6 6 17 3 10 11 18 7 14 7 15 
6 2 5 3
5 2 7 3 8 9
15 3 10 3
4 15 8 16 6 6 17 3 10 11 18 7 14 7 15 
100 20 60 21
148 810 785 695 201 113 382 234 50 567 586 345 725 614 633 882 671 748 330 705 899 147 947 436 442 963 918 492 948 691 429 591 509 629 227 884 963 939 998 606 343 359 743 573 810 911 292 529 530 584 345 88 110 66 818 898 358 749 428 116 638 650 965 394 780 445 816 312 968 225 653 426 356 565 609 442 60 678 314 50 264 469 518 155 328 170 421 981 951 329 907 616 954 412 658 395 355 345 784 242 
300 100 300 132
302 384 716 195 716 202 640 721 528 396 905 351 472 133 260 841 489 94 696 281 658 845 571 430 47 71 694 177 275 910 356 8 506 228 591 382 966 766 676 122 96 636 440 23 202 616 698 724 858 949 562 117 945 738 531 250 244 759 414 15 955 967 639 260 969 663 675 469 340 734 562 868 29 813 922 805 657 201 204 419 281 103 763 881 823 799 834 572 819 980 236 519 173 251 562 863 43 130 449 816 93 835 611 287 535 568 623 769 975 297 979 748 480 357 856 621 805 541 294 906 194 655 434 601 776 873 750 977 816 788 320 159 66 668 909 539 790 333 512 972 482 184 765 137 909 534 563 602 595 188 41 62 298 423 440 926 733 50 370 522 343 590 553 522 755 10 91 152 937 259 716 148 91 853 156 304 761 251 299 534 713 299 979 214 795 253 77 372 668 246 134 786 722 48 947 73 472 276 866 718 393 59 827 323 298 401 751 107 499 75 640 578 799 378 90 908 85 601 169 501 789 724 298 425 247 625 390 733 952 291 724 893 78 700 598 127 23 563 463 696 789 439 627 415 380 803 672 215 71 714 932 88 888 692 199 623 719 882 770 636 748 982 232 701 880 711 940 714 769 20 51 593 797 494 155 867 338 355 28 574 162 329 974 660 948 535 484 932 209 98 600 600 837 223 502 231 423 107 229 451 