5000 1000000
31159297
78454529
65173505
10361601
6082817
50869761
81629953
11786497
79566593
34458881
43744257
77052417
61273089
59487745
66901249
81319169
83762945
79124737
58233601
60356609
84474881
83458049
91035393
1799169
39728641
9147137
20576257
4190209
15194369
59216641
31578369
10304001
73857025
2029569
38286849
66508033
73487617
1726721
69079809
55668737
37998849
32779777
29569537
19708417
12717825
52334337
23952385
13923329
25227265
67892225
2562817
34550273
77509121
72816385
51385089
57078785
96140289
8236545
29092865
16946945
56339969
61847041
61977089
68662785
31585281
82974465
91663873
29399809
44529665
22984193
16913153
96378625
74518273
44997377
99662337
27398913
91930113
64844801
38368257
4993537
3757313
7523585
99859969
70024193
39654145
85185793
40875521
44194049
13260033
80498945
60363521
15186433
3927041
50083329
10571009
38827009
74880769
66067201
54826753
60962305
2880513
51526145
41758209
9172993
64804097
68745217
57560321
72519425
9080577
86693121
37083393
66416641
47822337
32184065
64034561
65804033
91419649
94386689
39231233
80305409
56252673
39213313
81120513
81916929
36386305
2921217
14874625
95747073
21567233
43602177
26072321
28448513
58502657
71654657
12628481
53181441
32051969
6656769
16932097
27498241
10728961
59971329
15675905
36370433
64731649
71038977
61577985
25784321
79639041
21526529
73627649
82638849
11442945
71334913
89321473
52597505
79435521
99421953
33627905
62020865
15792129
39230209
8664577
20074753
47551233
67704577
46086657
56308225
52039425
61332737
55057153
85923585
59595009
677121
74822145
74290945
9212673
32060929
53817857
53957889
77338369
40392961
76207361
20969473
65122817
90142721
4215041
10301953
37829121
44839425
51763457
86438913
1735681
18889217
53416705
2930177
27472385
76559873
58728193
51326465
26671105
30406657
6796801
20223745
70849281
50902529
62649345
92065025
14832897
23156993
7212801
75444737
5060097
98482689
26727681
12490497
8682497
35108353
71242497
38038529
63674113
18234881
6861313
70275329
97254401
53713665
63559937
65362177
34454017
82555393
67050241
18656769
52884481
16446465
80819713
76536065
12309761
26546945
27251969
80452353
62577921
99816193
35606785
94270465
9637633
43161345
4913153
718849
49639425
19510785
35910657
97590017
61462785
19796737
36435969
62320641
46528513
88481537
63714817
21910785
99585793
96251393
40230145
38621441
58940673
95925761
85630721
74706945
72954369
69800705
43048193
46241537
7240705
96138241
53007617
61878785
90387969
48216577
64066305
2847745
5609217
56563457
43693569
93124609
83433217
33717249
99194625
37689089
93705473
15552769
57145345
13406977
11670273
28240897
68506881
91641089
15518977
18896129
51123969
13390081
94277377
22821377
5616129
53934081
29774081
67579393
47001089
82196993
41562625
34821377
36526337
88652289
10433025
59545345
39999745
60232449
7885057
33861121
6426369
18814721
9158145
58447105
94566401
80714497
28055297
15440641
20992257
57972481
3298561
61732865
12128001
12497409
17707521
75217409
41857537
89158657
90102017
74661377
84013057
80476161
36253185
2988801
49435905
49067521
29210113
41669889
44110593
34438145
39441665
4322305
21871105
80844545
58259457
9426177
53082113
12147969
32412417
63345409
40441601
18068993
19315201
74618625
77311489
44391681
58546433
42888193
99932417
90125825
16595457
20193025
51727617
34319873
47485697
47666433
8679425
27610369
48232449
42474241
54049281
46233601
30275585
71645697
78043393
98761729
37705985
13431809
83472897
22247425
60962305
61289985
17257729
52187393
12924417
33830401
28921089
2759425
5772033
46798593
1677057
42464257
90305537
12212481
90312449
74011905
95802625
68769025
20305153
93990401
80082945
22655489
36417025
31077889
32395521
14859777
12424961
95065857
39096065
15110913
89002753
51843841
97376513
93707521
20486913
66973697
59903745
89550849
75658241
59930625
53394945
24040705
21509633
84384513
44832513
58594049
13644289
98446849
54328321
13826049
37681153
65466369
37410049
48008961
15527937
72044801
76748545
86702081
36304897
71162113
85417217
59405313
20484865
41833729
25261057
18609153
14109953
69106689
62256129
44413441
99769601
88300801
64069377
43063041
33848321
75289857
34838273
67277569
35632641
37875713
17248769
30334209
40499201
85522433
58956545
31748097
10565121
4658945
89183489
92492033
34648577
49517313
89460481
91092993
54925057
80433409
80869377
99137025
19820545
60101377
43078913
48469761
57374721
81490945
79355137
93474049
60431105
79583489
67697665
19977473
70219777
43742209
10237441
13142785
8483841
45060865
4854529
87151873
40777217
59379457
74290945
37483521
45003265
31471105
373249
28660993
16845569
34797569
21647617
19593217
27824897
99120129
51891457
51935233
83400449
64412929
14521089
70013185
75774465
56668673
98072577
98342657
31282433
93682689
27513089
41072129
47585025
40147713
66461441
1175553
51605505
97989121
84177921
74479617
78592513
39523073
9884929
16985601
62125057
66982657
9943553
64312577
81009409
40227073
16889345
31119617
60126209
4495105
63479553
62223361
27940097
71014145
33337857
84120321
59021057
12948225
68392705
56520705
11170817
35492609
77552897
39614465
41073153
77303553
23500545
82476033
94189057
75012865
62044673
53393921
88929281
44045057
50719745
70211841
69678593
90068225
35042817
62398209
96187905
325633
62757633
86069505
91313409
81990401
6929921
85152001
67312385
31789825
27160577
59501569
5289473
27096065
77002753
63165697
75846913
32749057
44365825
14275841
29274625
34181889
74840065
3889409
653313
80590337
58905857
95236609
62878721
28965889
82063873
69695489
73897729
71783681
80075009
9934593
14054401
54098945
94899969
9443073
70131457
1520129
3166465
49929473
9567233
32118529
3619329
11366401
53949953
94915841
98848001
1391105
95138305
18369793
18611201
39540993
21721089
64900353
39431681
2660097
3463425
11016961
33598977
55513857
75600641
91330305
30700545
23525377
70515713
20386561
9557249
12384257
55031297
99972097
43211009
70366721
77437697
67851521
43727361
49946369
94565377
51746561
44086785
70333953
3003649
28850689
84989185
5224961
81753089
16580609
54710529
24169729
81704449
16609281
65425665
96359681
36190721
78746369
56095745
68868353
56340993
45354753
53145601
1948161
14761473
4814849
67803905
46920705
88625409
4070145
9942529
87151873
69458177
33831425
79705601
26456577
37901569
35640577
70670593
19395585
31529729
92687617
88446721
49231361
66680833
4872449
27030529
42350081
85496577
6492929
71529473
88252161
24690177
67148545
59134209
33525505
84424193
67426561
23778561
27088129
75305729
31643905
41105921
14970881
71553281
24080385
10295041
74947329
11055617
40079105
67286529
79445505
95573249
65343233
24311809
9565185
48729857
77354241
67769089
43471105
58346753
94416385
18463233
71318017
18625025
92687617
8606977
93863425
56769025
65607425
84161025
58398465
90977793
94122497
97251329
46682369
25132033
84374529
14285825
42416641
33754881
17214977
45209857
51410945
3405825
22829313
72202753
42120705
23188737
66926081
63418881
2487297
89635329
41203201
59649537
86350593
91338241
65149697
82582273
59610881
93058049
76993793
22010113
88250113
88944129
87473665
69736193
95499777
70603009
71398401
17461249
7794689
43481089
15805953
96071681
32586241
79516929
27202305
15791105
31134465
54071041
54008577
89659137
69450241
82899969
40474369
15324417
23122177
38407937
91454465
62045697
64900353
33590017
79320321
31675649
90397953
1543937
50181633
18692609
74702081
58505729
94385665
3219201
2691841
72748801
10933505
16601345
15265793
27301633
71875073
91297537
87232257
36713985
92567553
69718273
68218881
99260161
64592641
48240385
76241153
60477697
83521537
28048385
44028161
44758017
50223361
86118145
59724033
82178049
78214145
56605185
44986369
55539713
62733825
18633985
79878401
11556097
25129985
24557057
96809473
71216641
18805761
56102657
47330817
61487617
15605505
5533697
54008577
94868225
33437185
99858945
9090561
5707521
31979521
87834113
52352257
87922433
41212161
58494721
22532353
10472705
88829953
96122369
24664321
33371649
6803713
20845313
92124673
18675713
33378561
37959169
95802625
40849665
35149057
72685313
69441281
71114497
50961153
46559233
98030849
4487169
19436289
85448961
90118913
95933697
70071809
96163073
97845249
76992769
29988609
95507713
28673
92476161
51738625
76085249
48174849
37541121
14701825
62025729
70909953
5331201
37051649
27180545
56957697
60690177
35477761
98458881
90447617
82222849
31374849
68572417
29308417
84269313
68727297
20213761
8967425
5574401
35910657
86635521
9606913
78427649
94221825
17765121
65935105
7814657
31682561
82785793
55055105
13522177
43112705
46733057
16553729
82811649
6132481
83819521
72634625
34067713
34331905
90803969
68393729
11375361
84816385
20961537
97958401
42785025
53672961
98196737
34019073
9015041
41415681
13946113
21900801
79845633
11679233
98325761
41391873
57438209
24629505
28839681
84776705
6788865
75175681
848897
60600833
36082433
94509825
52056321
40127745
11729921
20058881
38424833
40130817
53876481
96608001
26922241
53966849
62444801
41636097
29568513
81173249
80608257
98539265
11629569
68924929
95221761
33706241
83957505
73961217
26005761
47838209
79313409
24360449
36491521
20026113
28963841
8305153
2690817
98359553
28489217
4247809
18231809
59715073
98767617
90026497
63489
42072065
40973825
73840129
51786241
83852289
60888833
40071169
89739521
92942849
8220673
79811841
64625409
90586625
95202817
63525121
67016449
44760065
68015361
87019777
718849
86995969
9475841
59953409
20118529
92795905
4847617
83580161
9353729
20422401
55471105
54964737
66433537
54145537
60053761
33888001
19412481
21295105
28586497
5452289
89536001
89029633
37221377
62566913
75773441
54956801
57669633
57613057
60162049
6395649
60077569
38550017
92330241
85318913
94459137
73315841
94621953
79125761
25213441
22935553
83392513
11655425
71014145
45407489
48454913
39343361
33550337
84227585
21410305
5265665
446721
66892289
1866753
19944705
53424641
25031681
95091713
83325953
39416833
51205377
32585217
28712705
41824769
39648257
83156225
71777793
88537089
74937345
16199169
27365121
7508737
40833793
43579393
26859777
76551937
93304321
83784705
51827969
63532033
1299713
92641025
3126785
17931009
66548737
48633601
76382209
64074241
22695169
83940609
27137793
39663105
44184065
42817793
76453633
52065281
3593473
92314369
29348097
43849473
70071809
96139265
91304449
48364545
34601985
40793089
54284545
81948673
61699073
94051073
98179841
25612545
61381377
89256961
87142913
43791873
20353793
30447361
65294593
50221313
15980801
8745985
37770497
79016449
84078593
17936897
45586177
3382017
96115457
91635201
46103553
38728705
11522305
66891265
93443329
13153793
70309121
78297601
61051649
23490561
61217537
43365889
32561409
69311233
88397057
46053889
29840641
72039937
70465025
95468033
3568641
19109633
7828481
57159169
19249665
30502913
44578305
90216193
27110913
55907073
4235009
74010881
26245121
51605505
4542721
18518785
82670593
98540289
71540481
80549633
35442945
84783617
23612673
709889
35262209
17856513
84980225
92893185
51033601
65329409
32749057
91822849
50640385
99273985
32403457
95704321
96793601
67181313
46921729
13056513
16995585
899585
14907393
63689985
5330177
60746753
28194305
9729025
33969409
96220673
78041345
24653313
18289409
75757569
64608513
82711297
65411841
73120257
27440641
90861569
96859137
91478273
23105281
67606273
18363905
76732673
97678337
85610753
489473
57110529
38540033
66182401
80015361
98491649
93927937
53662977
92559617
97099521
35214593
78069249
96163073
76535041
39687937
40163585
24196609
80116737
89699841
32190977
24590849
84621825
65993729
22304001
39745537
65722625
36273153
97203713
18757121
53762305
85334785
93435393
55653889
52123905
19446273
2994689
12072449
35008001
28251905
15629313
44814593
7738113
4664833
55988481
18009345
57372673
22483713
25311745
67737345
81532673
35770625
91937025
19412481
1782273
24432897
43340033
99539201
3298561
9246465
55033345
63674113
37573889
50730753
6731265
66214145
46472961
84555265
55767041
77909249
1773313
57416449
42579457
97488641
76027649
68057089
33550337
27106049
35462913
23755777
57169153
89742593
16160513
13381121
52253953
30297345
26604545
57907969
15121921
22410241
45634817
10572033
10447873
38776321
35575041
1904385
39506177
83548417
60732929
7621889
4092929
99817217
85145089
68376833
32471041
59880961
27816961
51936257
21945601
93436417
49822209
9605889
38999809
78461441
67671809
59382529
82286337
16309505
8542465
37827073
41089025
80754177
8033025
82374657
42832641
8532481
28653057
72988161
58120449
85456897
94155265
88626433
1438721
42505985
71415297
74412033
4552705
88774401
67762177
9007105
53787137
18340097
97179905
77295617
21584129
74790401
46029057
5626113
98498561
26545921
70726145
92983553
82491905
94417409
31987457
66779137
47798529
58604033
97859073
93147393
24000001
49575937
93638913
22483713
53819905
75717889
99425025
67510017
4298497
93435393
47970305
97170945
66458369
50574849
21650689
71635713
55768065
93302273
34871041
88963073
17518849
72619777
41449473
73560065
95351809
62053633
32701441
53426689
73505537
74619649
50502401
96612865
3537921
27382017
32209921
82915841
88313601
90355201
55531777
29658881
77116929
83130369
46773761
42907137
97539329
65189377
14898433
11211521
44750081
1053441
44160257
19953665
8393473
82402561
17682689
82190081
14530049
24800257
25476609
84507649
68080897
68498945
15085057
65066241
58127361
22769665
4087041
17419521
63484417
56225793
78576641
5362945
68547585
40802049
42537729
25178625
31962625
11006977
73586945
40801025
39408897
86391297
83826433
9223681
87750657
9958401
27555841
90150657
96146177
60085505
25417985
75921409
5877249
78419713
77658113
80123649
54226945
13506305
82427393
25909505
32700417
43072001
54851585
29126657
24064513
75782401
39951105
49337601
54857473
63076353
89281793
31473153
16684801
37597697
37475585
14817025
72087553
88158721
68071937
52689921
75061505
35239425
74183681
69792769
87538177
90108929
40399873
23565057
31971585
51035649
87675137
77206273
49395201
15603457
23197697
66679809
15399937
71079681
38473473
94412545
29865473
70155265
32519681
49296897
27423745
21761793
15102977
73584897
4225025
97391361
41168385
67343105
7330049
22657537
13104129
8312065
82449153
41678849
36910593
3264769
26529025
60510465
45470977
97417217
19551489
43496961
70005249
5043201
9220609
35960321
95375617
86882817
89501185
81067009
21026049
91599361
74922497
79747329
26638337
22411265
758529
18011393
48848129
63001857
75296769
42251777
31321089
7345921
17511937
18823681
21950465
27162625
56841473
98472705
50066433
7813633
22828289
70334977
60275201
83688449
29775105
79625217
62764545
32067841
23828225
70827521
99079425
3158529
83703297
73610753
29495041
93114625
30701569
30341121
35499521
89848833
40146689
66417665
96455937
82793729
14562817
7139329
29021441
50714881
57978369
16267777
74585857
55826689
38950145
86987009
27881473
89636353
96312065
58889985
92616193
35221505
91586561
88227329
10761729
2559745
57030145
44150273
86086401
48771585
84456961
88477441
81867265
71644673
31642881
41227009
23810305
76813057
47987201
71160065
12916481
81828609
22722049
39146753
39473409
15178497
47608833
89551873
64181505
36133121
28014593
83021057
63426817
75405057
51516161
82122497
73962241
60806401
71908865
58455041
80083969
73716993
4780033
51615489
11212545
11088385
58388481
12915457
28554753
31627009
39686913
96481793
80879361
2251009
12400129
71036929
44111617
7140353
54721537
95157249
29209089
62617601
96647681
13768449
79754241
79097857
93582337
27463425
32861185
70291201
52960001
4905217
68933889
52351233
34524417
47462913
46665473
84555265
55244801
27554817
26023681
63069441
90305537
95024129
61444865
19790849
67180289
15931137
9075713
31627009
87463681
68611073
88096257
82401537
21394433
55398657
93705473
77877505
76590593
25655297
57831425
28275713
77156609
71717121
62533121
21459969
16478209
56505857
16454401
15838721
52073217
31282433
31420417
60814337
47904769
78739457
40631297
90002689
1004801
99014913
54809857
9844225
78076161
58331905
74618625
82472961
74019841
69661697
83711233
24481537
38055425
72873985
66795009
53345281
74086401
52303617
23393281
65345281
67204097
11615745
43807745
33928705
9960449
70301185
38690049
19470081
34451969
33289217
20715265
47051777
54041345
97924609
80696577
15546881
79992577
29127681
53875457
28594433
99965185
39598593
28038401
24196609
89233153
44233729
77641217
37794305
68238849
8721153
82571265
94698497
29588481
14242049
4437505
36360449
58767873
90650113
84359681
28776193
50525185
96818433
35165953
72554241
13908481
90427649
33503745
69940737
72839169
50675201
64740609
33946625
18479105
21926657
5117697
29858561
88798209
14816001
34484737
78884353
10427137
81767937
2578689
93788929
93837569
49903617
47731969
52025601
33356801
38532097
36181761
30824705
44251649
81246721
65132801
48290049
94515713
80516865
33773825
72940545
88889601
13942273
41022465
59324929
1261057
78461441
67056129
94139393
74330625
33280257
7731201
47749889
77657089
38565889
14537985
73242369
29128705
20115457
49501441
78590465
89781249
86342657
35650561
41515009
37565953
46010113
91503105
55875329
88547073
93246721
54598401
45817601
29093889
62445825
47787521
44233729
41301505
39662081
18411521
48682241
57086721
74806273
89044481
84136193
73258241
41138689
80895233
69877249
78184449
57748993
59101441
44848385
89160705
27637249
71678465
3037441
31013377
81769985
95328001
3249921
4944897
6450177
16519937
9777665
51787265
65895425
23876865
28177409
36558081
67344129
37647361
46159105
48322817
61893633
48797441
37952257
21720065
30317313
32871169
41770241
31374849
43224833
52309505
982017
35098369
61167873
85825281
31258625
20270337
47962369
57691393
72128257
62585857
50312705
18822657
17317377
84276225
15291649
29422593
24336641
6279425
18224897
3063297
65664001
6713345
22041857
4944897
48910593
52597505
20707329
32846337
99579905
5262593
56799745
4870401
70850305
41262849
6748161
19585281
68401665
58496769
56506881
38287873
44192001
96637697
23696129
82081793
10802433
58736129
80344065
29425665
19764993
22197761
1603585
14282753
86225409
96096513
51590657
1568769
40596481
90445569
53139713
90783233
53800961
21410305
78894337
66139649
57053953
58577153
10515457
61936385
30267649
14979841
92999425
39459585
27348225
99718913
56916993
53032449
16569601
76018689
4569601
31501825
53966849
3463425
26713857
54670849
13129985
27728641
25588737
82783745
5304321
12302849
42154497
37771521
67608321
70155265
89830913
85636609
35968257
808193
44898049
80565505
59079681
90461441
21974273
68384769
29536769
59579137
75095297
78573569
82017281
94688513
52645121
5783041
40188417
95616001
24080385
50076417
72824321
34091521
19052033
92835585
40393985
68949761
2324481
10097409
20271361
15511041
70030081
39040513
57743105
97719041
56033281
64548865
44446209
33003265
55285505
32438273
6213889
63804161
55965697
57956609
2093057
68113665
73120257
33528577
91610369
44129537
81711361
52639233
70660609
5150465
80803841
75773441
85643521
63617537
48288001
43883265
27481345
79073025
26039553
75837953
98753793
84171009
37509377
81540609
81073921
90732545
52336385
86281985
91577601
78819841
3422721
85498625
3068161
2244097
78155521
79870465
95286273
68219905
56389633
66982657
11925505
73452801
59569153
23326721
90863617
20893953
47035905
70284289
20958465
77436673
11956225
97999105
82826497
90025473
87980033
20616961
58571265
38100225
51337473
63516161
14727681
18568449
42717441
8000257
6115585
24288001
90042369
31100673
16978689
65811969
57316097
71439105
49356545
29029377
30494977
32093697
22123265
70333953
60690177
51779329
63910401
906497
60651521
28654081
38852865
2660097
53615361
96915713
92903169
96877057
37950209
71417345
83669505
70701313
4068097
24712961
58732033
40195329
25974017
78576641
69933825
56187137
93855489
44406529
9498625
4361985
68597249
93705473
50425857
36427009
82598145
45781761
40573697
92270593
99964161
43580417
90724609
25612545
54261761
4545793
26128897
41513985
50319617
12229377
32601089
1611521
12627457
56244737
60865025
55850497
3209217
56139521
14816001
84819457
96466945
37959169
76380161
63157761
22600961
52342273
20680449
96244481
74783489
88446721
9057793
20640769
36572929
92264705
14817025
20002305
62347521
79870465
471553
72654593
365313
19421441
16913153
72692225
72421121
23105281
7494913
24785409
38973953
76372225
43711489
70924801
609537
56720385
50287873
64222209
15104001
78409729
77665025
53050369
51851777
63445761
6279425
2546945
3283713
50287873
87472641
15723521
97784577
90740481
31797761
59586049
39681
335617
44578305
50369281
61052673
50935297
46085633
52884481
2945025
78083073
91091969
86169857
68131585
26539009
36475649
45069825
47413249
89764353
66124801
5108737
80859393
28225025
42766081
2035457
75451649
93525761
58808577
73830145
32837377
78551809
62330625
29308417
34971393
83473921
97278209
48617729
3773185
33920769
76551937
19839489
12413953
73854977
22720001
76126977
3266817
78362113
14004737
90698753
68286465
30553601
78452481
82040065
76411905
71456001
29143553
40734465
64689921
71301121
5232897
76667137
40032513
32380673
81613057
3625217
90854657
2371073
56661761
55023361
4509953
18927873
20165121
52858625
63381249
2594561
78034433
59946497
15281665
64231169
61870849
38557953
52805121
18732289
85618689
34526465
53016577
24326657
49713921
35206657
72611841
33100545
76862721
80321281
12925441
93623041
58093569
83180033
58383617
90496257
30668801
9786625
40997633
79048193
50680065
10375425
68040193
24270081
17830657
9327873
65893377
62511361
59135233
47485697
97210625
98316801
58757889
13446657
25344513
23024897
41328385
75723777
5765121
54701569
76298753
93428481
97653505
3871489
34028033
63649281
70637825
50158849
74755585
26784257
90938113
87209473
15462401
45889025
48616705
77788161
7871233
43618049
11950337
25375233
58535425
81156353
55326209
39843841
16389889
48257281
7902977
51156737
35838209
31364865
44603137
37976065
27399937
98300929
92903169
78263809
98893825
19320065
65893377
88602625
75603713
46183937
79451393
64085249
88299777
38960129
22336769
75731713
8886017
60676353
36362497
83638785
91649025
72117249
49749761
34911745
77132801
11029761
41555713
18750209
96385537
18758145
69415425
79959809
32832513
29865473
92262657
32134401
68721409
50901505
82262529
13169665
83636737
55669761
36821249
30185217
90365185
43153409
6459137
30650881
60313857
27267841
48494593
63150849
84955393
36657409
76657153
53893377
11990017
83835393
40842753
83120385
80915969
54400769
13106177
82557441
16455425
44110593
94418433
80653825
85602817
80262657
79148545
4812801
11827201
95376641
88265985
58502657
42897153
90644225
70693377
55161345
1724673
41350145
57514753
42276609
70032129
81000449
16228097
14710785
39481345
38680065
20336897
6811649
78928129
81113601
77223169
95222785
80869377
75963137
19249665
91574529
44211969
55465217
21020161
70808577
89307649
79279617
37614593
48420097
98359553
8542465
32298241
61813249
20106497
48430081
20271361
25672193
47067649
42595329
12154881
61478657
30806785
5085953
47160065
73430017
95916801
68008449
20896001
67442433
76191489
55218945
86602753
80165377
81706497
50992897
67280641
92208129
24017921
21157121
36441857
94221825
25441793
29154561
8466945
63189505
54963713
41432577
24707073
39153665
73963265
59022081
91969793
38344449
4355073
7542529
83368705
66647041
21282305
5357057
72028929
1186561
52571649
43030273
95164161
35371521
40243969
14907393
29816833
97480705
97672449
35082497
14933249
68933889
24189697
79590401
68974593
71905793
19476993
18380801
48862977
13635329
77198337
89020673
4594433
89488385
5068033
49444865
43535617
96425217
60519425
9722113
63362305
19585281
38901505
69258497
38489345
98720001
14465537
95335937
46806529
46451969
91920129
87350529
45692417
19356929
15710721
92090881
4756225
26803201
26958081
98457857
80780033
1224193
61993985
70105601
72397313
6541569
51432705
81507841
47200769
72661505
3094017
50215425
49156865
98448897
32749057
94892033
41588481
11705089
67754241
66729473
30202113
20074753
14766337
13161729
59035905
66066177
47567105
46282241
85586945
87915521
64395009
27170561
77208321
80252673
7444225
87209473
96816385
86135041
67067137
7060993
3969793
52834817
7017217
17141505
35927553
13391105
36747777
76148737
71758849
63239169
42267649
77116929
65632257
99498497
74052609
78909185
58858241
8378625
19673601
95663617
54918145
94083841
71292161
49992961
21090561
55376897
66319361
77912321
52867585
46158081
65458433
24335617
7190017
99292929
9172993
5804801
3996673
13931265
74789377
21566209
27654145
21140225
80228865
74691073
65049345
39352321
51493377
24793345
44119553
66803969
79526913
46184961
3750401
57956609
60830209
38591745
74275073
26154753
43873281
27212289
89275905
30758145
96482817
62919425
45143297
69514753
67605249
6509825
7559425
75814145
49507329
13522177
2928129
644353
23729921
33804545
66631169
73236481
2544897
64690945
44972545
88175617
22009089
51247105
75567873
65760257
72579073
85990145
67253761
23467777
19167233
46365697
2381057
57890049
52401921
73560065
58693377
73397249
19165185
62142977
53163521
74653441
63502337
34296065
22492673
16987649
62412033
28875521
55973633
29620225
35147009
60060673
12926465
45552385
47165953
16865537
66305537
35175937
93526785
37694977
35551233
99455745
44938753
20305153
19748097
71635713
78026497
33328897
62380289
20902913
74478593
62910465
21196801
81193985
14375169
18847489
53677825
85340673
64756481
29256705
18836481
42071041
83497729
77230081
99425025
85669377
28719617
96375553
14480385
47495681
36919553
17856513
35852033
58742017
249089
86610689
90134785
42400769
18232833
19231745
70776833
21928705
17880321
4215041
44465153
2405889
78533889
96939521
21395457
73521409
20306177
14333441
45848321
17832705
76729601
56432385
8395521
55392769
61617665
22050817
16092929
67785985
42196225
93239809
30004481
53400833
16610305
56538625
36073473
35623681
91475201
82049025
24746753
7662593
59930625
2619393
24647425
82743041
58611969
55949825
93041153
44249601
45026049
53458433
43896065
85440001
75298817
85286145
91347201
1490433
45774849
47292161
14594561
34920705
96410369
9286145
48500481
61797377
20567297
15087105
85161985
74128129
95146241
98852097
12604673
93067009
84997121
48395265
94549505
50433793
4693761
99514369
93494017
65244929
59815425
21049857
3706625
78394881
8403457
51508225
25883649
44570369
2495233
99307777
27244033
8933633
12808193
64018689
53090049
62362369
17373953
73446913
33674497
23352577
47765761
20421377
1406977
83006209
29898241
10654465
34526465
54866433
40638209
36170753
90182401
78034433
1864705
91493121
10941441
77715713
83950593
47651585
16030465
83884033
31693569
62789377
71234561
54924033
57152257
50362369
74297857
33329921
33542401
42939905
82885121
79928065
67951873
23795457
79468289
39926273
78968833
32152321
24998913
71818497
95369729
27038465
81694465
71563265
39458561
12882689
51229185
64453633
57396481
8982273
60682241
39941121
28284673
64977921
16341249
85507585
16397825
13824001
73873921
53196289
26941185
8564225
55358977
35518465
449793
12205569
87685121
21273345
16576513
77066241
46256385
98260225
92747265
1946113
40425729
61100289
88627457
59603969
62747649
19627009
15455489
54409729
16348161
85931521
66121729
59208705
53499137
34492673
77500161
26103041
8568321
326657
97725953
34092545
26144769
34271233
63779329
83981313
40531969
36944385
5830657
66827777
4912129
62288897
35371521
95787777
33739009
40623361
65238017
27300609
31191041
24254209
61001985
92777985
8213761
68492033
45053953
77722625
52483329
19462145
6352897
32706305
35196673
438785
3798017
78199297
70225665
46559233
55398657
94935809
52647169
96901889
78516993
91872513
55063041
13522177
47134209
38392065
86546177
46626817
37673217
42874369
94704385
85546241
54492161
43062017
13915393
82038017
33836289
74018817
30519809
482561
89780225
79075073
41701633
84545281
71571201
25948161
62715905
16562689
93696513
43300353
64861697
84817409
97744897
68730369
3355137
27540993
30636033
17103873
92533761
46863105
95607041
28161537
38981889
84587009
98865921
92847617
11220481
78370049
84932609
80207105
31027201
63944193
67450369
58199809
84931585
30945793
80139521
67369985
99856897
9588993
49872897
32404481
91715585
36846081
21656577
40156673
30110721
1315585
9735937
35493633
24031745
82760961
81131521
57547521
2201345
28653057
80804865
3626241
77863681
51706881
67065089
97303041
97555201
74848001
99929345
94296321
47796481
91747329
34789633
8688385
9279233
48658433
63673089
39254017
47814401
10401281
87037697
22779649
15717633
63139841
13358337
54746369
27177473
69622017
10244353
52934145
43700481
72471809
3248897
68016385
65157633
22656513
80214017
31191041
73587969
19584257
79401729
80355073
65919233
45380609
88291841
39868673
13416961
25336577
84875009
88371201
47698177
41703681
78190337
85678337
40530945
88627457
39071233
4559617
74432001
22682369
51295745
14964993
28013569
23352577
26654209
47443969
50935297
90535937
71777793
14079233
23835137
36994049
66433537
35559169
95951617
70112513
19609089
19716353
61126145
57512705
5838593
9376513
58456065
14392065
5805825
45382657
11131137
74814209
42057217
46183937
33059841
57178113
93959681
65476353
40703745
62280961
6378753
8269313
12865793
75854849
36769537
99433985
70489857
87111169
26951169
31673601
47258369
44373761
34093569
59487745
53713665
41883393
71374593
26693889
42177281
12170753
54153473
18455297
55356929
49862913
67400705
35706113
28038401
14537985
80360961
78853633
67530753
96566273
50460673
64500225
54843649
51672065
27718657
40656129
4585473
35067649
95262465
66688769
2782209
46529537
84515585
96697345
13711873
70046977
26260993
17460225
65950977
71227649
60117249
47782657
58628865
36969217
70218753
55340033
79214081
36321793
52657153
3256833
72865025
80935937
40483329
29980673
2152705
64820993
39474433
43728385
69606145
67155457
37293825
7238657
98047745
28621313
49870849
90019585
89878529
86183681
15308545
84873985
44317185
48910593
7999233
49829121
96269313
85619713
661249
66336257
32756993
11507457
489473
13038593
16142593
96441089
32001281
92361985
32429313
35844097
45824513
62084353
82777857
22215681
92385793
25121025
16096001
69112577
9220609
77034497
9745921
86957313
83393537
79781121
65590529
7763969
34650625
93739265
27375105
24042753
8812545
98457857
34804481
81589249
92339201
56358913
35475713
76583681
85306881
18102785
49666305
64025601
67941889
27899393
13777409
60347649
73948417
92068097
13611521
72561153
94076929
68998401
69686529
11449857
48970241
26703873
96925697
78877441
98213633
69784833
6075905
22852097
44789761
34082561
57719297
87995905
17782017
55086849
42882305
2414849
55921921
68596225
78983681
69940737
5839617
94607105
53670913
46650625
42547713
1037569
52508161
17332225
78468353
77167617
44683521
56325121
56914945
28906241
26539009
98438913
82924801
47110401
38952193
10374401
11226369
34264321
95122433
19770881
45266433
36091393
23958273
2403841
78044417
10202625
50665217
357377
54399745
41932033
98360577
67416577
37851905
49954305
89404929
55598337
20165121
60216577
36076545
39505153
78296577
89750529
95326977
76410881
51959041
15954945
53842689
62223361
10821377
55188225
45700353
70957569
90626305
95016193
16881409
62601729
28290561
83187969
89896449
28334337
13733633
49565953
12654337
61519361
99201537
31874305
33633793
39368193
71970305
81983489
40107009
57620993
5376769
7369729
44120577
22723073
63360257
45397505
9942529
1660161
88593665
52875521
29332225
77919233
69859329
32472065
7313153
85317889
19698433
48879873
604673
74479617
57432321
23393281
92454401
15250945
40006657
92173313
94395649
99588865
39137793
1208321
31856385
49852929
35482625
11449857
61201665
68465153
80303361
25775361
61250305
78171393
99693057
88445697
92122625
34732033
25057537
44069889
7271425
77730561
7593217
47446017
8008193
11753729
54217985
16913153
2568705
41194241
47124225
28940033
28571649
62109185
74470657
81630977
86340609
39057409
87199489
52705793
34917633
2439681
60766721
52360193
61928449
46145281
20560385
18051073
32725249
30308353
72120321
56744193
54770177
73472769
21205761
19086849
42325249
60797441
56652801
36108289
65190401
78223105
86382337
35066625
45297153
31519745
56964609
82024193
78641153
16865537
5370881
81950721
84841217
55736321
15441665
89296641
44848385
50068481
48730881
50229249
18568449
80015361
27012609
66073089
35601921
74690049
20959489
25195521
54966785
20862209
59618817
34281217
45061889
12695041
18445313
8543489
6420481
86185729
65680897
39869697
31257601
1166593
8451073
76190465
73061633
38284801
2306561
31856385
90299649
91878401
13096193
93583361
48174849
51474433
84277249
72732929
35329793
67531777
14827009
58423297
71118337
12457729
10612737
17512961
11859969
57061889
82948609
16102913
16142593
78246913
79615233
13940225
45496833
14882561
41316353
12496385
40344321
12563969
10761729
70376705
26219265
73577985
63773441
4200193
41554689
59987201
7428353
51109121
92229889
80401665
79424513
80163329
47289089
56257537
9549313
12946177
82876161
50295809
19265537
81960705
36279041
12326657
77828865
41717505
43923969
23451905
75002881
94132481
75102209
9696257
98949377
95096577
11671297
44621057
50879745
90715649
71070721
20756993
38590721
70521601
44414465
20641793
54015489
56841473
8664577
3931137
51441665
5239809
1594625
78656001
14449665
72849153
49805313
40466433
65542913
60748801
1587713
70956545
28063233
19395585
18100737
65902337
77396993
53967873
785409
28137729
24597761
61732865
56569345
49052673
93630977
57904897
51319553
43012353
41507073
76174593
32881153
71119361
36270081
95409409
11466753
81016321
55423489
12984065
13504257
14871553
43109633
55999489
67245825
1543937
45340929
91549697
10203649
64820993
30472193
58455041
47592961
99905537
87495425
73305857
96737025
60077569
40964865
61353473
51057409
7306241
49773569
78264833
71448065
9590017
11498497
89339393
29751297
43635969
8080641
69097729
89125889
92616193
94557441
12467713
15979777
85652481
45388545
13891585
65950977
16414721
68735233
3928065
85063681
61927425
15980801
86554113
85161985
95358721
96524545
55252737
29355009
15701761
34336769
50796289
28358145
13660161
24525313
66721537
99899649
5454337
11794433
39147777
33453057
73291009
46332929
41475329
22838273
41171457
99242241
10976257
99915521
4355073
29037313
6949633
93487105
63526145
33880065
31371777
67981569
22615809
49918465
35246337
50681089
28057345
55587329
33871105
54924033
82614017
96654593
7280385
65428737
52730625
1102081
42382849
55686657
61584897
25013761
54180353
84029953
85957377
51712769
33584129
26702849
64797185
69487873
36500481
701953
28061185
17601281
42489089
43882241
4601345
95886081
28203265
74307841
46616833
68948737
67755265
55236865
10768641
27768321
90707713
43531777
98080513
67958785
24276993
38966017
35797505
14661121
61937409
27185409
64157697
47643649
11237377
87143937
55154433
53229057
83048961
65903361
83629825
43486977
76156673
6452225
82776833
71453953
29767169
12285953
57431297
82393601
13776385
54449409
97408257
65395969
96629761
51467521
80312321
73225473
82755073
92426497
48035841
15496193
75904513
1062401
19985409
53071105
68491009
95778817
11647489
38206465
63059457
16864513
27202305
14170625
67137537
28119809
98669313
23877889
40581633
2760449
88937217
51345409
38360321
56456193
89333505
4517889
31094785
85236481
85750785
82533633
84582145
25367297
76665089
32838401
7436289
28258817
97456897
17805825
82350849
40954881
17915137
8886017
45611009
60198657
60814337
27285761
24002049
55022337
93740289
64024577
56224769
5101825
48476673
83678465
29191169
12799233
80894209
97532417
47470849
35740929
53269761
56678657
75232257
20829441
52599553
71941633
41432577
36241409
40850689
34174977
56146433
42244865
31436289
2053377
21040897
28777217
33821441
85433089
76677121
33264385
30742273
12793345
29889281
57487873
43293441
87398145
78952961
27373057
45050881
13194497
25449729
20272385
95484929
35099393
78953985
88079361
49138945
33092609
15506177
68833537
94281473
20698369
14367233
9221633
40816897
28334337
84653569
24213505
22033921
12504321
33700353
8983297
77394945
33567233
57153281
98129153
1955073
17960705
96489729
51654145
7444225
51451649
71014145
8573185
72331777
83689473
36155905
83867137
49713921
74061569
88298753
6149377
23089409
48444929
34084609
35199745
3535873
45740033
26753537
79346177
74840065
63649281
3707649
28349185
75225345
21052929
86144001
86396161
57897985
35724033
74485505
89537025
36100353
33542401
37564929
44127489
75298817
10531329
97344769
69910017
53915137
47618817
23681281
44332033
76487425
36032769
92304385
82235649
29490177
17478145
63936257
48304897
67951873
36435969
95236609
37499393
13178625
12375297
17537793
13048577
92238849
43660801
26849793
66272769
4045313
59414273
31117569
44095745
64387073
33969409
2994689
50507265
92591361
6600193
80295425
58561281
93557505
54465281
66065153
70000385
76125953
27817985
39022593
63961089
24597761
7272449
90730497
8796673
32781825
2142721
46912769
58616833
85930497
75936257
67557633
33305089
58079745
50305793
31232769
99511297
78470401
40926209
77321473
39958017
91624193
56194049
69495809
23853057
70963457
48553217
32471041
7935745
79598337
61127169
21058817
54120705
46747905
26243073
98726913
35862017
49271041
6352897
74945281
66376961
46249473
40555777
84194817
47077633
45069825
53648129
91475201
32665601
3808001
92262657
39573761
68754177
55604225
75527169
54956801
62674177
52885505
10623745
42204161
89454593
49869825
27965953
349441
77913345
10048769
22239489
1603585
91156481
30333185
67097857
49762561
69441281
27988737
19069953
16961793
6550529
37976065
16937985
44020225
34428161
53081089
6126593
8934657
19838465
36638465
43529729
95516673
50138881
30921985
11713025
46143233
29129729
70611969
12669185
19780865
36952321
64052481
92895233
55414529
73235457
38753537
276993
45717249
6053121
38359297
67033345
5960705
15683841
57439233
40155649
42235905
22090497
91323393
90797057
57169153
28801025
65641217
13070337
76075265
87554049
75544065
96631809
47486721
15243009
51688961
78379009
22075649
37850881
5598209
14552833
21312001
49494529
42284545
95564289
84711169
35484673
84768769
92353025
38941185
52146689
76452609
18215937
39654145
39104001
52376065
38229249
29718529
78650113
42203137
89337345
60503553
71161089
4542721
83965441
97080577
14883585
3128833
56913921
97603841
13447681
15496193
16136705
81575425
92394753
56162305
47633665
41096961
48593921
21846273
2903297
82263553
93640961
41816833
51099137
42159361
81501953
27563777
35542273
45831425
52361217
70914817
77682945
7443201
2299649
88356353
44782849
71963393
16431617
82279425
11350529
41702657
17872385
90716673
95247617
66131713
74266113
95557377
46093569
89260033
78394881
30675713
6722305
71062785
65384961
332545
86301953
55734273
87703041
76953089
22109441
77207297
59233537
56399617
78361089
54507009
29694721
44939777
97603841
49140993
60619777
99070465
26056449
44643841
31447297
80615169
28228097
36034817
41245953
2029569
33101569
24844033
63130881
44759041
59168001
98088449
97596929
25091329
44964609
60005121
1224193
39417857
58726145
43094785
8500737
24539137
49174785
86594817
2235137
65858561
13530113
79426561
35828225
89722625
85333761
49281025
34527489
60969217
91486209
47404289
87020801
90814977
24557057
74717953
67205121
18889217
41922049
77118977
15396865
10377473
940289
55954689
44291329
27573761
11089409
15193345
83203841
6214913
90312449
15061249
94936833
292865
11048705
39825921
35404289
37907457
99775489
72111361
7533569
33716225
61364481
8810497
36404225
77116929
62683137
34525441
23795457
34051841
15473409
69711361
49068545
55475201
1561857
54565633
81646849
27614465
66285569
12751617
66318337
27210241
59642625
51064321
30266625
87422977
8810497
7410433
95113473
79780097
80007425
56086785
83238657
22084609
87980033
55114753
83082753
2462465
63313665
31168257
71046913
71298049
82729217
42160385
97572097
80959745
20616961
4206081
83000321
52253953
90044417
7501825
19659777
92279553
9935617
32216833
9596929
97556225
4077057
32927745
8335873
46495745
62880769
70155265
63288833
75528193
21482753
89953025
73193729
8313089
68606209
60224513
94686465
90387969
51596545
34699265
90994689
59824385
5536769
15924225
39352321
66525953
43030273
18594305
47429121
79624193
67670785
17160449
7976449
74905601
89175553
19707393
89611521
74275073
80181249
78395905
6813697
69693441
16989697
74346497
79067137
83712257
94525697
96079617
85309953
19856385
82531585
8688385
80911105
12709889
77527041
38022657
20412417
30529793
38554881
91568641
11441921
41482241
64425729
17249793
47904769
37360385
8916737
92238849
996865
73015041
68760065
23695105
67877377
6616065
19618049
90705665
20680449
70023169
56873217
39409921
49869825
14397953
4732417
30586369
18732289
38900481
36633601
81549569
43439361
83041025
68638977
71898881
94673665
56153345
79196161
69901057
4463361
55260673
60562177
53851649
9613825
161793
65533953
75033601
576769
9524481
32001281
47600897
22880001
82645761
24130049
85826305
52769281
33903873
26106113
14269953
8352769
58873089
77738497
47389441
51884545
10482689
41496065
5059073
80165377
28260865
91043329
33952513
26409985
46594049
10213633
55293441
56293377
91903233
28514049
75297793
90332417
53999617
82998273
1184513
26770433
89201409
12162817
83423233
5993473
33101569
28367105
21197825
1314561
19526657
27080193
15266817
89264897
51630337
75339521
62715905
50892545
83719169
52704769
73078529
62535169
29184257
28907265
73635585
29317377
58103553
68260609
14792193
12466689
89659137
96500737
59961345
4780033
52475393
36936449
59102465
95105537
92943873
19422465
43955713
1512193
93821697
79639041
17357057
72773633
45357825
30964737
37892609
68670721
53278721
43241729
46084609
87953153
73469697
61519361
59625729
69516801
82532609
21723137
36304897
99785473
92083969
96334849
32600065
81820673
40154625
14219265
8507649
58348801
94514689
54728449
44002305
60422145
2366209
35395329
80901121
72185857
25440769
95359745
28579585
63959041
62952193
67908097
90485249
3872513
23532289
52795137
16560641
65271809
48763649
46912769
56398593
6483969
10760705
11392257
1445633
98964225
41315329
86299905
6024193
81351937
71348737
68450305
13988865
29422593
91960833
89231105
38008833
52178433
83236609
34287105
27734529
72314881
43522817
5765121
17536769
6665729
97359617
47545345
95253505
83573249
93050113
80713473
44217857
65368065
47725057
65564673
75035649
81122561
49935361
95335937
52262913
76067329
78173441
16044289
15374081
12539137
35631617
67483137
42146561
35042817
78844673
60927489
7024129
2939137
94548481
9550337
85913601
71315969
12775425
64322561
72742913
12801281
99096321
7427329
89968897
56792833
99816193
61485569
9555201
48207617
28668929
57095681
16576513
80640001
96039937
31708417
61936385
61215489
6437377
65000705
73071617
85488641
51138817
14850817
38278913
12680193
73267201
58324993
85712129
72839169
66443521
47970305
99776513
93786881
50475521
37647361
62796289
34920705
95360769
49239297
66058241
20065793
45334017
87609601
25899521
54505985
32192001
70800641
93974529
79378945
98695169
55604225
84119297
73192705
38829057
30528769
14391041
10771713
5462273
57342977
23188737
86415105
23769601
69557505
53425665
41070081
83441153
82032129
5488129
80041217
57488897
78942977
48147969
95383553
62650369
55227905
28359169
62101249
67680769
41359105
51623425
92247809
85496577
12917505
33854209
15446529
75854849
73723905
7059969
80156417
69498881
33116417
88275969
34412289
81384705
21345793
10696193
21772801
81632001
24818177
82156289
25025793
61912577
27004673
16911105
20331009
74628609
49591809
45791745
89054465
83491841
98741761
22501633
3782145
39802113
31986433
49386241
81992449
53508097
83875073
35632641
56457217
43807745
43481089
13521153
92010497
30952705
695041
48659457
71660545
28785153
2922241
61814273
71454977
84376577
69799681
80950785
62139905
43922945
12891649
52582657
21027073
34418177
3404801
20518657
65392897
82219777
38983937
10407169
63798273
58146305
48035841
71710209
96325889
32913921
14949121
88889601
34225665
69137409
73575937
91804929
84113409
34732033
646401
87282945
4749313
48076545
83670529
70128385
72111361
64609537
61026817
96891905
69971457
6478081
10804481
59616769
81040129
12033793
28857601
49157889
4282625
76028673
79452417
60832257
61643521
62731777
290817
46994177
57266433
87537153
89930241
69720321
47380481
9467905
76132865
1415937
26456577
54917121
92476161
19305217
17542657
99408129
62380289
79363073
290817
75689985
76364289
32447233
2200321
97270273
75362305
66522881
46995201
46094593
91371009
22181889
82803713
37884673
57243649
51476481
15021569
30299393
89503233
80636929
76132865
36631553
18650881
68194049
69513729
28192257
25140993
37051649
97087489
16071169
6593281
95541505
71453953
28072193
34249473
47952385
6575361
37278977
52187393
21001217
35420161
54603265
23230465
1265921
69171201
36705025
86127105
61142017
3765249
41604353
69556481
80367873
11136001
26185473
60117249
9310977
14177537
