35
77 83 47 75 51 40 40 37 37 80 74 43 27 85 74 26 52 6 53 26 49 75 99 77 20 68 59 79 45 59 84 22 57 54 20 
49 96 31 19 12 3 22 86 61 2 84 25 77 9 14 74 80 82 93 75 34 30 7 65 55 29 90 65 53 67 19 51 65 10 6 
26 78 86 48 75 92 3 5 13 17 90 35 76 32 27 87 81 31 89 66 90 15 6 7 2 45 1 94 83 44 84 72 26 56 15 
98 79 48 90 59 94 39 83 90 49 39 36 95 22 20 38 41 99 56 74 36 37 67 10 44 18 81 95 69 94 89 13 28 23 12 
36 90 96 87 7 88 67 1 70 27 2 36 47 12 8 18 12 38 80 79 78 47 6 13 58 37 1 50 29 42 19 77 88 6 78 
32 74 47 27 25 4 17 65 48 19 43 57 12 72 6 80 60 14 33 52 83 1 80 58 63 78 96 95 74 43 51 41 71 24 73 
77 56 86 7 55 75 75 47 2 58 91 99 52 54 89 12 48 40 32 2 46 43 100 23 38 44 72 33 21 55 26 48 17 81 49 
31 56 98 73 46 86 50 44 72 18 90 3 78 73 44 72 39 49 35 63 9 50 67 91 57 22 25 10 10 2 97 32 59 51 85 
28 53 42 85 23 83 100 56 17 41 57 58 80 60 19 34 32 88 21 30 64 29 20 84 35 42 42 4 87 58 97 31 52 61 50 
10 28 87 59 31 18 59 50 87 1 31 15 65 66 42 96 61 32 54 26 53 86 7 27 13 46 96 50 17 18 72 50 2 72 36 
59 52 26 71 25 46 53 85 95 71 49 37 3 98 78 69 54 16 13 23 74 4 50 37 74 54 93 48 30 20 78 86 64 10 17 
1 38 88 66 23 21 57 66 87 25 82 98 8 22 44 23 53 15 38 87 13 96 6 5 24 65 26 83 85 77 90 100 53 33 40 
52 39 26 51 24 54 68 96 1 41 51 97 89 9 5 11 87 88 54 31 78 87 21 56 34 21 72 67 74 15 5 71 29 99 14 
36 27 85 50 65 74 34 65 33 42 87 50 94 28 90 50 7 97 75 44 24 55 74 55 6 72 55 72 21 31 30 88 88 43 72 
16 20 45 21 91 25 42 63 76 68 29 83 25 38 78 7 3 11 14 28 75 63 49 93 4 9 2 59 26 41 65 58 94 67 59 
32 59 76 77 65 96 84 90 91 55 53 91 51 22 48 64 31 44 49 25 29 90 55 60 48 70 48 48 5 99 18 35 65 3 44 
32 33 10 71 24 11 20 36 74 55 8 96 60 95 81 37 80 79 5 93 75 88 37 28 77 52 33 26 5 83 92 77 50 60 37 
29 50 97 71 30 26 19 23 98 75 1 76 54 23 76 79 24 90 71 11 15 27 55 18 19 46 14 66 16 40 16 15 33 36 42 
25 67 72 91 81 68 23 91 83 17 93 34 94 31 62 53 47 37 74 23 27 32 44 18 100 57 32 26 70 31 95 3 74 41 98 
67 51 94 34 11 67 69 18 82 20 96 58 58 35 15 86 6 56 6 70 23 8 55 24 27 47 80 50 66 10 29 54 27 21 5 
44 35 56 75 95 33 43 47 90 6 1 93 24 77 53 56 29 21 72 55 8 37 46 76 1 89 61 38 16 100 62 37 3 5 17 
95 75 50 39 17 14 17 46 34 79 88 49 7 15 68 77 24 34 62 15 58 61 55 58 30 23 28 72 65 41 96 56 40 10 72 
70 82 35 11 34 99 71 8 2 55 59 56 11 23 16 17 62 3 89 51 39 89 39 5 61 10 97 79 11 82 77 61 15 21 64 
8 69 35 81 87 82 3 41 6 34 35 29 69 42 63 53 95 74 96 28 37 98 59 88 28 27 51 15 92 77 58 93 89 91 47 
48 23 50 31 50 72 73 33 10 36 68 97 34 38 4 83 11 50 3 81 45 78 48 64 56 20 9 91 59 72 75 98 12 66 86 
93 57 75 25 17 22 81 68 37 23 60 73 73 7 50 15 47 72 33 26 68 65 87 19 54 9 6 2 77 2 14 57 10 38 68 
59 74 93 52 62 60 92 77 64 51 92 91 60 70 57 61 44 93 96 80 98 59 36 4 88 92 13 78 49 21 54 33 12 85 76 
77 18 78 53 69 27 88 42 80 84 70 97 30 28 31 36 35 64 23 42 12 85 78 29 21 32 95 72 24 59 17 85 36 27 14 
35 16 48 81 58 32 20 10 67 40 68 99 62 72 79 73 77 44 81 27 71 21 35 51 8 56 43 31 99 89 98 97 9 62 52 
85 4 53 20 23 20 55 25 1 84 95 32 74 36 43 35 88 78 37 2 43 87 8 43 46 23 12 95 62 24 51 67 9 2 26 
56 52 19 75 67 68 37 53 95 34 56 85 76 37 26 77 64 99 12 30 76 71 23 29 66 22 38 60 52 57 74 19 52 14 76 
97 25 84 85 44 28 32 20 13 68 2 79 1 75 24 99 1 98 69 94 85 15 25 93 95 45 20 67 12 55 32 43 47 41 99 
21 85 75 57 56 69 47 69 66 81 5 94 41 65 61 33 92 98 29 98 73 33 12 83 58 37 94 3 21 55 21 74 96 8 3 
4 5 60 49 21 78 73 11 28 8 34 29 7 70 77 86 38 4 47 62 17 81 74 89 99 85 47 42 8 63 58 97 42 81 90 
49 56 32 49 5 51 19 84 93 30 3 75 12 20 60 39 67 55 70 20 76 67 59 17 52 47 60 65 61 47 83 99 25 71 74 