25
1000000010000100001011000
1000101001100000101111010
1101100000101010110111011
0001110100000110110000111
0000111001100101000010101
0110100000000100011010000
1011001000001001001001111
0000110001101010010111000
0110111110001010000000000
1101000010100011110011000
1100001001101110100001001
0100110010000011001101000
1010010101011000001010010
0000101000011000001100100
0000101001011001100100100
1010000100010101011010111
1100001010010011001000001
1100010001100100100011010
1110000001000010101011000
1001111000010000101110000
1001000100011000010101010
1001000011100001010100000
1000000101111100011010000
1110011010000000101011000
0011110000010010010000110
